seq,publisher_id,subscriber_id,t1_ns,t2_ns,receive_ts_ns,publish_overhead_ns,delivery_ns,latency_ns,is_warmup,discovery_time_ns
0,0,11,164715572797840,164715572797891,164715573778681,51,980790,980841,1,10155169068
1,0,11,164715582784428,164715582784487,164715583380124,59,595637,595696,1,10155169068
2,0,11,164715592772499,164715592772550,164715593095912,51,323362,323413,1,10155169068
3,0,11,164715602825574,164715602825626,164715603126160,52,300534,300586,1,10155169068
4,0,11,164715612787502,164715612787553,164715613073560,51,286007,286058,1,10155169068
5,0,11,164715622791474,164715622791524,164715623081631,50,290107,290157,1,10155169068
6,0,11,164715632736586,164715632736637,164715632951182,51,214545,214596,1,10155169068
7,0,11,164715642773085,164715642773135,164715643006498,50,233363,233413,1,10155169068
8,0,11,164715652773671,164715652773723,164715652989288,52,215565,215617,1,10155169068
9,0,11,164715662786926,164715662786984,164715663238288,58,451304,451362,1,10155169068
10,0,11,164715672784853,164715672784904,164715673296909,51,512005,512056,1,10155169068
11,0,11,164715682824749,164715682824806,164715683125094,57,300288,300345,1,10155169068
12,0,11,164715692796122,164715692796173,164715693157427,51,361254,361305,1,10155169068
13,0,11,164715702773005,164715702773075,164715703081207,70,308132,308202,1,10155169068
14,0,11,164715712800108,164715712800159,164715713069275,51,269116,269167,1,10155169068
15,0,11,164715722826313,164715722826365,164715723419625,52,593260,593312,1,10155169068
16,0,11,164715732774225,164715732774276,164715733202907,51,428631,428682,1,10155169068
17,0,11,164715742829234,164715742829292,164715743115447,58,286155,286213,1,10155169068
18,0,11,164715752797108,164715752797161,164715753082909,53,285748,285801,1,10155169068
19,0,11,164715762788344,164715762788397,164715763403340,53,614943,614996,1,10155169068
20,0,11,164715772783795,164715772783845,164715773428628,50,644783,644833,1,10155169068
21,0,11,164715782826407,164715782826465,164715783340057,58,513592,513650,1,10155169068
22,0,11,164715792787388,164715792787441,164715793168424,53,380983,381036,1,10155169068
23,0,11,164715802777664,164715802777714,164715803216348,50,438634,438684,1,10155169068
24,0,11,164715812740091,164715812740142,164715813187326,51,447184,447235,1,10155169068
25,0,11,164715822826733,164715822826786,164715823374859,53,548073,548126,1,10155169068
26,0,11,164715832788901,164715832788953,164715833351363,52,562410,562462,1,10155169068
27,0,11,164715842779621,164715842779672,164715843056321,51,276649,276700,1,10155169068
28,0,11,164715852773553,164715852773615,164715853047622,62,274007,274069,1,10155169068
29,0,11,164715862789698,164715862789749,164715863134082,51,344333,344384,1,10155169068
30,0,11,164715872863690,164715872863741,164715873225156,51,361415,361466,1,10155169068
31,0,11,164715882827509,164715882827566,164715883128965,57,301399,301456,1,10155169068
32,0,11,164715892792481,164715892792558,164715893073917,77,281359,281436,1,10155169068
33,0,11,164715902773498,164715902773568,164715903345364,70,571796,571866,1,10155169068
34,0,11,164715912779424,164715912779476,164715913099109,52,319633,319685,1,10155169068
35,0,11,164715922798613,164715922798663,164715923293080,50,494417,494467,1,10155169068
36,0,11,164715932799375,164715932799434,164715933364356,59,564922,564981,1,10155169068
37,0,11,164715942785017,164715942785105,164715943350020,88,564915,565003,1,10155169068
38,0,11,164715952800383,164715952800442,164715953379593,59,579151,579210,1,10155169068
39,0,11,164715962759624,164715962759681,164715963593911,57,834230,834287,1,10155169068
40,0,11,164715972762423,164715972762475,164715973151881,52,389406,389458,1,10155169068
41,0,11,164715982826554,164715982826614,164715983316328,60,489714,489774,1,10155169068
42,0,11,164715992724224,164715992724277,164715993136056,53,411779,411832,1,10155169068
43,0,11,164716002795739,164716002795902,164716003176879,163,380977,381140,1,10155169068
44,0,11,164716012749466,164716012749518,164716013011576,52,262058,262110,1,10155169068
45,0,11,164716022828188,164716022828239,164716023127347,51,299108,299159,1,10155169068
46,0,11,164716032796349,164716032796414,164716033155248,65,358834,358899,1,10155169068
47,0,11,164716042827613,164716042827670,164716043193946,57,366276,366333,1,10155169068
48,0,11,164716052798359,164716052798411,164716053159231,52,360820,360872,1,10155169068
49,0,11,164716062756973,164716062757045,164716063135018,72,377973,378045,1,10155169068
50,0,11,164716072760836,164716072760889,164716073107449,53,346560,346613,1,10155169068
51,0,11,164716082826549,164716082826601,164716083340791,52,514190,514242,1,10155169068
52,0,11,164716092786862,164716092786927,164716093336430,65,549503,549568,1,10155169068
53,0,11,164716102827483,164716102827534,164716103401915,51,574381,574432,1,10155169068
54,0,11,164716112827202,164716112827261,164716113287358,59,460097,460156,1,10155169068
55,0,11,164716122833678,164716122833997,164716123319963,319,485966,486285,1,10155169068
56,0,11,164716132825277,164716132825329,164716133118384,52,293055,293107,1,10155169068
57,0,11,164716142830331,164716142830383,164716143125205,52,294822,294874,1,10155169068
58,0,11,164716152829576,164716152829633,164716153260470,57,430837,430894,1,10155169068
59,0,11,164716162828497,164716162828556,164716163259447,59,430891,430950,1,10155169068
60,0,11,164716172779630,164716172779671,164716173494849,41,715178,715219,1,10155169068
61,0,11,164716182776370,164716182776423,164716183316437,53,540014,540067,1,10155169068
62,0,11,164716192774793,164716192774844,164716193222334,51,447490,447541,1,10155169068
63,0,11,164716202827752,164716202827805,164716203496333,53,668528,668581,1,10155169068
64,0,11,164716212797423,164716212797474,164716213406414,51,608940,608991,1,10155169068
65,0,11,164716222806860,164716222806918,164716223412403,58,605485,605543,1,10155169068
66,0,11,164716232802551,164716232802608,164716233408332,57,605724,605781,1,10155169068
67,0,11,164716242809157,164716242809208,164716243361563,51,552355,552406,1,10155169068
68,0,11,164716252797422,164716252797479,164716253400813,57,603334,603391,1,10155169068
69,0,11,164716262798482,164716262798535,164716263405152,53,606617,606670,1,10155169068
70,0,11,164716272785058,164716272785122,164716273304857,64,519735,519799,1,10155169068
71,0,11,164716282796201,164716282796251,164716283367438,50,571187,571237,1,10155169068
72,0,11,164716292795675,164716292795726,164716293442057,51,646331,646382,1,10155169068
73,0,11,164716302832791,164716302832849,164716303401947,58,569098,569156,1,10155169068
74,0,11,164716312762028,164716312762079,164716313402243,51,640164,640215,1,10155169068
75,0,11,164716322775957,164716322776014,164716323143063,57,367049,367106,1,10155169068
76,0,11,164716332799361,164716332799412,164716333441699,51,642287,642338,1,10155169068
77,0,11,164716342789047,164716342789098,164716343239078,51,449980,450031,1,10155169068
78,0,11,164716352805529,164716352805580,164716353168276,51,362696,362747,1,10155169068
79,0,11,164716362828355,164716362828406,164716363303384,51,474978,475029,1,10155169068
80,0,11,164716372796279,164716372796354,164716373290050,75,493696,493771,1,10155169068
81,0,11,164716382832259,164716382832319,164716383548218,60,715899,715959,1,10155169068
82,0,11,164716392830711,164716392830764,164716393199969,53,369205,369258,1,10155169068
83,0,11,164716402828367,164716402828418,164716403178299,51,349881,349932,1,10155169068
84,0,11,164716412790037,164716412790094,164716413142149,57,352055,352112,1,10155169068
85,0,11,164716422830500,164716422830553,164716423195809,53,365256,365309,1,10155169068
86,0,11,164716432808878,164716432808935,164716433162909,57,353974,354031,1,10155169068
87,0,11,164716442832484,164716442832541,164716443185883,57,353342,353399,1,10155169068
88,0,11,164716452828016,164716452828067,164716453213210,51,385143,385194,1,10155169068
89,0,11,164716462828452,164716462828503,164716463190287,51,361784,361835,1,10155169068
90,0,11,164716472828108,164716472828159,164716473182574,51,354415,354466,1,10155169068
91,0,11,164716482831151,164716482831202,164716483214183,51,382981,383032,1,10155169068
92,0,11,164716492830358,164716492830409,164716493197002,51,366593,366644,1,10155169068
93,0,11,164716502832086,164716502832137,164716503180995,51,348858,348909,1,10155169068
94,0,11,164716512831207,164716512831258,164716513176643,51,345385,345436,1,10155169068
95,0,11,164716522828738,164716522828789,164716523189753,51,360964,361015,1,10155169068
96,0,11,164716533847124,164716533847196,164716534314544,72,467348,467420,1,10155169068
97,0,11,164716544057868,164716544057919,164716547111166,51,3053247,3053298,1,10155169068
98,0,11,164716552774429,164716552774479,164716553570457,50,795978,796028,1,10155169068
99,0,11,164716562772105,164716562772175,164716563561633,70,789458,789528,1,10155169068
100,0,11,164716572772835,164716572772901,164716573560080,66,787179,787245,1,10155169068
101,0,11,164716582777897,164716582777960,164716583626315,63,848355,848418,1,10155169068
102,0,11,164716592771576,164716592771631,164716593073784,55,302153,302208,1,10155169068
103,0,11,164716602771896,164716602771956,164716603068562,60,296606,296666,1,10155169068
104,0,11,164716612767659,164716612767725,164716613046659,66,278934,279000,1,10155169068
105,0,11,164716622773682,164716622773747,164716623066287,65,292540,292605,1,10155169068
106,0,11,164716632791750,164716632791801,164716633072138,51,280337,280388,1,10155169068
107,0,11,164716642792303,164716642792360,164716643092032,57,299672,299729,1,10155169068
108,0,11,164716652761776,164716652761826,164716653090766,50,328940,328990,1,10155169068
109,0,11,164716662785526,164716662785579,164716663055589,53,270010,270063,1,10155169068
110,0,11,164716672801427,164716672801477,164716673210991,50,409514,409564,1,10155169068
111,0,11,164716682831830,164716682831887,164716683326776,57,494889,494946,1,10155169068
112,0,11,164716692808263,164716692808305,164716693508842,42,700537,700579,1,10155169068
113,0,11,164716702796185,164716702796235,164716703056095,50,259860,259910,1,10155169068
114,0,11,164716712802076,164716712802133,164716713089266,57,287133,287190,1,10155169068
115,0,11,164716722832130,164716722832189,164716723175287,59,343098,343157,1,10155169068
116,0,11,164716732831320,164716732831373,164716733246916,53,415543,415596,1,10155169068
117,0,11,164716742831493,164716742831544,164716743112342,51,280798,280849,1,10155169068
118,0,11,164716752795556,164716752795603,164716753078608,47,283005,283052,1,10155169068
119,0,11,164716762831005,164716762831055,164716763120756,50,289701,289751,1,10155169068
120,0,11,164716772809366,164716772809417,164716773207327,51,397910,397961,1,10155169068
121,0,11,164716782830301,164716782830353,164716783114573,52,284220,284272,1,10155169068
122,0,11,164716792797291,164716792797344,164716793110143,53,312799,312852,1,10155169068
123,0,11,164716802832025,164716802832076,164716803329072,51,496996,497047,1,10155169068
124,0,11,164716812801586,164716812801638,164716813274320,52,472682,472734,1,10155169068
125,0,11,164716822832209,164716822832262,164716823369862,53,537600,537653,1,10155169068
126,0,11,164716832845765,164716832845815,164716833272717,50,426902,426952,1,10155169068
127,0,11,164716842831580,164716842831633,164716843358370,53,526737,526790,1,10155169068
128,0,11,164716852829972,164716852830022,164716853395897,50,565875,565925,1,10155169068
129,0,11,164716862830742,164716862830793,164716863283414,51,452621,452672,1,10155169068
130,0,11,164716872792081,164716872792132,164716873350098,51,557966,558017,1,10155169068
131,0,11,164716882834803,164716882834854,164716883334296,51,499442,499493,1,10155169068
132,0,11,164716892804482,164716892804534,164716893270983,52,466449,466501,1,10155169068
133,0,11,164716902834773,164716902834833,164716903345452,60,510619,510679,1,10155169068
134,0,11,164716912796949,164716912797000,164716913329400,51,532400,532451,1,10155169068
135,0,11,164716922805610,164716922805671,164716923441527,61,635856,635917,1,10155169068
136,0,11,164716932807972,164716932808031,164716933508115,59,700084,700143,1,10155169068
137,0,11,164716942799785,164716942799838,164716943478471,53,678633,678686,1,10155169068
138,0,11,164716952807607,164716952807660,164716953441649,53,633989,634042,1,10155169068
139,0,11,164716962768945,164716962768997,164716963279938,52,510941,510993,1,10155169068
140,0,11,164716972793085,164716972793144,164716973082778,59,289634,289693,1,10155169068
141,0,11,164716982798764,164716982798815,164716983076233,51,277418,277469,1,10155169068
142,0,11,164716992770282,164716992770333,164716993042854,51,272521,272572,1,10155169068
143,0,11,164717002775907,164717002775988,164717003246944,81,470956,471037,1,10155169068
144,0,11,164717012799850,164717012799901,164717013204677,51,404776,404827,1,10155169068
145,0,11,164717022765570,164717022765622,164717022990257,52,224635,224687,1,10155169068
146,0,11,164717032805875,164717032805940,164717033076982,65,271042,271107,1,10155169068
147,0,11,164717042834977,164717042835030,164717043121073,53,286043,286096,1,10155169068
148,0,11,164717052800608,164717052800669,164717053087153,61,286484,286545,1,10155169068
149,0,11,164717062765283,164717062765335,164717063039390,52,274055,274107,1,10155169068
150,0,11,164717072787287,164717072787338,164717073029798,51,242460,242511,1,10155169068
151,0,11,164717082834949,164717082835001,164717083122124,52,287123,287175,1,10155169068
152,0,11,164717092798097,164717092798148,164717093069028,51,270880,270931,1,10155169068
153,0,11,164717102804334,164717102804385,164717103077421,51,273036,273087,1,10155169068
154,0,11,164717112809720,164717112809771,164717113199704,51,389933,389984,1,10155169068
155,0,11,164717122834895,164717122834947,164717123130246,52,295299,295351,1,10155169068
156,0,11,164717132762730,164717132762785,164717133154776,55,391991,392046,1,10155169068
157,0,11,164717142763965,164717142764020,164717143099985,55,335965,336020,1,10155169068
158,0,11,164717152764248,164717152764315,164717153021006,67,256691,256758,1,10155169068
159,0,11,164717162791798,164717162791859,164717163094223,61,302364,302425,1,10155169068
160,0,11,164717172804237,164717172804295,164717173133002,58,328707,328765,1,10155169068
161,0,11,164717182856239,164717182856290,164717183152053,51,295763,295814,1,10155169068
162,0,11,164717192783271,164717192783333,164717193114035,62,330702,330764,1,10155169068
163,0,11,164717202837708,164717202837778,164717203307602,70,469824,469894,1,10155169068
164,0,11,164717212810131,164717212810182,164717213243155,51,432973,433024,1,10155169068
165,0,11,164717222834360,164717222834417,164717223283085,57,448668,448725,1,10155169068
166,0,11,164717232804469,164717232804520,164717233244930,51,440410,440461,1,10155169068
167,0,11,164717242833911,164717242833962,164717243279365,51,445403,445454,1,10155169068
168,0,11,164717252809663,164717252809714,164717253251840,51,442126,442177,1,10155169068
169,0,11,164717262835305,164717262835356,164717263136071,51,300715,300766,1,10155169068
170,0,11,164717272805114,164717272805164,164717273485028,50,679864,679914,1,10155169068
171,0,11,164717282835016,164717282835075,164717283148412,59,313337,313396,1,10155169068
172,0,11,164717292767812,164717292767876,164717293046095,64,278219,278283,1,10155169068
173,0,11,164717302796296,164717302796347,164717303066591,51,270244,270295,1,10155169068
174,0,11,164717312769519,164717312769570,164717313064503,51,294933,294984,1,10155169068
175,0,11,164717322834807,164717322834858,164717323246086,51,411228,411279,1,10155169068
176,0,11,164717332836242,164717332836303,164717333108362,61,272059,272120,1,10155169068
177,0,11,164717342835863,164717342835914,164717343110627,51,274713,274764,1,10155169068
178,0,11,164717352834726,164717352834784,164717353257396,58,422612,422670,1,10155169068
179,0,11,164717362835614,164717362835665,164717363143375,51,307710,307761,1,10155169068
180,0,11,164717372808242,164717372808293,164717373107940,51,299647,299698,1,10155169068
181,0,11,164717382836115,164717382836173,164717383277334,58,441161,441219,1,10155169068
182,0,11,164717392811154,164717392811211,164717393240791,57,429580,429637,1,10155169068
183,0,11,164717402837212,164717402837269,164717403271083,57,433814,433871,1,10155169068
184,0,11,164717412837511,164717412837562,164717413136648,51,299086,299137,1,10155169068
185,0,11,164717422836283,164717422836342,164717423243693,59,407351,407410,1,10155169068
186,0,11,164717432836031,164717432836082,164717433122137,51,286055,286106,1,10155169068
187,0,11,164717442837162,164717442837213,164717443123610,51,286397,286448,1,10155169068
188,0,11,164717452808150,164717452808203,164717453088482,53,280279,280332,1,10155169068
189,0,11,164717462864334,164717462864391,164717463159209,57,294818,294875,1,10155169068
190,0,11,164717472801351,164717472801402,164717473506061,51,704659,704710,1,10155169068
191,0,11,164717482775150,164717482775199,164717483186144,49,410945,410994,1,10155169068
192,0,11,164717492806171,164717492806237,164717493164042,66,357805,357871,1,10155169068
193,0,11,164717502836441,164717502836491,164717503125965,50,289474,289524,1,10155169068
194,0,11,164717512835765,164717512835816,164717513134113,51,298297,298348,1,10155169068
195,0,11,164717522836828,164717522836879,164717523125205,51,288326,288377,1,10155169068
196,0,11,164717532729825,164717532729899,164717533083766,74,353867,353941,1,10155169068
197,0,11,164717542797911,164717542797962,164717543117509,51,319547,319598,1,10155169068
198,0,11,164717552812761,164717552812812,164717553228659,51,415847,415898,1,10155169068
199,0,11,164717562773257,164717562773308,164717563194845,51,421537,421588,1,10155169068
200,0,11,164717572834928,164717572834979,164717573191684,51,356705,356756,1,10155169068
201,0,11,164717582840625,164717582840676,164717583196523,51,355847,355898,1,10155169068
202,0,11,164717592839573,164717592839623,164717593197946,50,358323,358373,1,10155169068
203,0,11,164717602838328,164717602838379,164717603400567,51,562188,562239,1,10155169068
204,0,11,164717612841202,164717612841259,164717613132424,57,291165,291222,1,10155169068
205,0,11,164717622840230,164717622840281,164717623127454,51,287173,287224,1,10155169068
206,0,11,164717632808039,164717632808091,164717633091105,52,283014,283066,1,10155169068
207,0,11,164717642909129,164717642909295,164717643625044,166,715749,715915,1,10155169068
208,0,11,164717653039047,164717653039217,164717654340238,170,1301021,1301191,1,10155169068
209,0,11,164717662861131,164717662861296,164717664399396,165,1538100,1538265,1,10155169068
210,0,11,164717672884867,164717672885058,164717674490088,191,1605030,1605221,1,10155169068
211,0,11,164717682908439,164717682908624,164717684640333,185,1731709,1731894,1,10155169068
212,0,11,164717692879984,164717692880154,164717694701871,170,1821717,1821887,1,10155169068
213,0,11,164717702839391,164717702839561,164717704582747,170,1743186,1743356,1,10155169068
214,0,11,164717712814105,164717712814156,164717713133398,51,319242,319293,1,10155169068
215,0,11,164717722839190,164717722839243,164717723273216,53,433973,434026,1,10155169068
216,0,11,164717732816329,164717732816378,164717733227396,49,411018,411067,1,10155169068
217,0,11,164717742842341,164717742842392,164717743281285,51,438893,438944,1,10155169068
218,0,11,164717752837761,164717752837818,164717753277983,57,440165,440222,1,10155169068
219,0,11,164717762900036,164717762900206,164717764608275,170,1708069,1708239,1,10155169068
220,0,11,164717772867131,164717772867301,164717773768941,170,901640,901810,1,10155169068
221,0,11,164717782821662,164717782821887,164717783940044,225,1118157,1118382,1,10155169068
222,0,11,164717792871614,164717792871785,164717794169557,171,1297772,1297943,1,10155169068
223,0,11,164717802907900,164717802908085,164717803662980,185,754895,755080,1,10155169068
224,0,11,164717812773585,164717812773635,164717813776886,50,1003251,1003301,1,10155169068
225,0,11,164717822841141,164717822841199,164717823217635,58,376436,376494,1,10155169068
226,0,11,164717832797362,164717832797413,164717833646035,51,848622,848673,1,10155169068
227,0,11,164717842908928,164717842909113,164717844857905,185,1948792,1948977,1,10155169068
228,0,11,164717852834025,164717852834221,164717854521181,196,1686960,1687156,1,10155169068
229,0,11,164717862910589,164717862910755,164717864713373,166,1802618,1802784,1,10155169068
230,0,11,164717872883518,164717872883684,164717874791460,166,1907776,1907942,1,10155169068
231,0,11,164717882913399,164717882913564,164717883619656,165,706092,706257,1,10155169068
232,0,11,164717892875422,164717892875608,164717893754941,186,879333,879519,1,10155169068
233,0,11,164717902913071,164717902913236,164717904055178,165,1141942,1142107,1,10155169068
234,0,11,164717912846549,164717912846804,164717913953519,255,1106715,1106970,1,10155169068
235,0,11,164717922805840,164717922805891,164717923094215,51,288324,288375,1,10155169068
236,0,11,164717932814307,164717932814358,164717933419384,51,605026,605077,1,10155169068
237,0,11,164717946872589,164717946872884,164717949538653,295,2665769,2666064,1,10155169068
238,0,11,164717952864671,164717952864917,164717954053291,246,1188374,1188620,1,10155169068
239,0,11,164717962905467,164717962905637,164717963750991,170,845354,845524,1,10155169068
240,0,11,164717972830971,164717972831136,164717973673804,165,842668,842833,1,10155169068
241,0,11,164717982928238,164717982928443,164717984130464,205,1202021,1202226,1,10155169068
242,0,11,164717992855671,164717992855861,164717993772305,190,916444,916634,1,10155169068
243,0,11,164718006503147,164718006503294,164718007782881,147,1279587,1279734,1,10155169068
244,0,11,164718013077113,164718013077226,164718013593761,113,516535,516648,1,10155169068
245,0,11,164718022782018,164718022782076,164718023126919,58,344843,344901,1,10155169068
246,0,11,164718032794528,164718032794583,164718033125275,55,330692,330747,1,10155169068
247,0,11,164718042777716,164718042777776,164718043774775,60,996999,997059,1,10155169068
248,0,11,164718052786089,164718052786131,164718053131713,42,345582,345624,1,10155169068
249,0,11,164718062783862,164718062783925,164718063085782,63,301857,301920,1,10155169068
250,0,11,164718072805872,164718072805923,164718073080183,51,274260,274311,1,10155169068
251,0,11,164718082806741,164718082806790,164718083063575,49,256785,256834,1,10155169068
252,0,11,164718092800770,164718092800833,164718093043391,63,242558,242621,1,10155169068
253,0,11,164718102793670,164718102793711,164718103039371,41,245660,245701,1,10155169068
254,0,11,164718112789315,164718112789358,164718113065643,43,276285,276328,1,10155169068
255,0,11,164718122804661,164718122804729,164718123087457,68,282728,282796,1,10155169068
256,0,11,164718132825338,164718132825390,164718133111748,52,286358,286410,1,10155169068
257,0,11,164718142843668,164718142843719,164718143197970,51,354251,354302,1,10155169068
258,0,11,164718152777246,164718152777313,164718153130493,67,353180,353247,1,10155169068
259,0,11,164718162775734,164718162775789,164718163054039,55,278250,278305,1,10155169068
260,0,11,164718172791010,164718172791076,164718173067611,66,276535,276601,1,10155169068
261,0,11,164718182773248,164718182773308,164718183100962,60,327654,327714,1,10155169068
262,0,11,164718192774417,164718192774459,164718193485016,42,710557,710599,1,10155169068
263,0,11,164718202790439,164718202790489,164718203083090,50,292601,292651,1,10155169068
264,0,11,164718212775623,164718212775674,164718212999449,51,223775,223826,1,10155169068
265,0,11,164718222786184,164718222786234,164718223068589,50,282355,282405,1,10155169068
266,0,11,164718232792334,164718232792385,164718233049379,51,256994,257045,1,10155169068
267,0,11,164718242788433,164718242788485,164718243080142,52,291657,291709,1,10155169068
268,0,11,164718252791408,164718252791470,164718253005195,62,213725,213787,1,10155169068
269,0,11,164718262843968,164718262844019,164718263145654,51,301635,301686,1,10155169068
270,0,11,164718272812358,164718272812408,164718273102495,50,290087,290137,1,10155169068
271,0,11,164718282775504,164718282775555,164718283065496,51,289941,289992,1,10155169068
272,0,11,164718292814672,164718292814723,164718293098612,51,283889,283940,1,10155169068
273,0,11,164718302844188,164718302844247,164718303151319,59,307072,307131,1,10155169068
274,0,11,164718312782766,164718312782828,164718313176616,62,393788,393850,1,10155169068
275,0,11,164718322816096,164718322816147,164718323157006,51,340859,340910,1,10155169068
276,0,11,164718332809850,164718332809903,164718333162164,53,352261,352314,1,10155169068
277,0,11,164718342777902,164718342777944,164718343300953,42,523009,523051,1,10155169068
278,0,11,164718352784639,164718352784705,164718353154997,66,370292,370358,1,10155169068
279,0,11,164718362777703,164718362777746,164718363040035,43,262289,262332,1,10155169068
280,0,11,164718372785198,164718372785246,164718373303795,48,518549,518597,1,10155169068
281,0,11,164718382775316,164718382775356,164718383301300,40,525944,525984,1,10155169068
282,0,11,164718392785757,164718392785848,164718393309471,91,523623,523714,1,10155169068
283,0,11,164718402777880,164718402777931,164718403120281,51,342350,342401,1,10155169068
284,0,11,164718412821588,164718412821639,164718413176755,51,355116,355167,1,10155169068
285,0,11,164718422831296,164718422831351,164718423193346,55,361995,362050,1,10155169068
286,0,11,164718432782365,164718432782430,164718433159211,65,376781,376846,1,10155169068
287,0,11,164718442777578,164718442777637,164718443115244,59,337607,337666,1,10155169068
288,0,11,164718452810033,164718452810084,164718453135696,51,325612,325663,1,10155169068
289,0,11,164718462814638,164718462814689,164718463185348,51,370659,370710,1,10155169068
290,0,11,164718472817928,164718472817979,164718473196257,51,378278,378329,1,10155169068
291,0,11,164718482863958,164718482864116,164718483166708,158,302592,302750,1,10155169068
292,0,11,164718492815290,164718492815341,164718493471317,51,655976,656027,1,10155169068
293,0,11,164718502783513,164718502783564,164718503068802,51,285238,285289,1,10155169068
294,0,11,164718512804945,164718512804997,164718513086636,52,281639,281691,1,10155169068
295,0,11,164718522813728,164718522813769,164718523249258,41,435489,435530,1,10155169068
296,0,11,164718532789939,164718532790005,164718533165785,66,375780,375846,1,10155169068
297,0,11,164718542807415,164718542807477,164718543140552,62,333075,333137,1,10155169068
298,0,11,164718552793381,164718552793432,164718553078574,51,285142,285193,1,10155169068
299,0,11,164718562781447,164718562781500,164718563162047,53,380547,380600,1,10155169068
300,0,11,164718572777677,164718572777729,164718573117005,52,339276,339328,1,10155169068
301,0,11,164718582844108,164718582844159,164718583472575,51,628416,628467,1,10155169068
302,0,11,164718592818306,164718592818358,164718593471361,52,653003,653055,1,10155169068
303,0,11,164718602845119,164718602845171,164718603535035,52,689864,689916,1,10155169068
304,0,11,164718612798606,164718612798666,164718613253845,60,455179,455239,1,10155169068
305,0,11,164718622809023,164718622809072,164718623321582,49,512510,512559,1,10155169068
306,0,11,164718632786818,164718632786869,164718633341352,51,554483,554534,1,10155169068
307,0,11,164718642780275,164718642780332,164718643337448,57,557116,557173,1,10155169068
308,0,11,164718652795538,164718652795589,164718653244998,51,449409,449460,1,10155169068
309,0,11,164718662810563,164718662810614,164718663250407,51,439793,439844,1,10155169068
310,0,11,164718672804646,164718672804706,164718673418461,60,613755,613815,1,10155169068
311,0,11,164718682845411,164718682845462,164718683485342,51,639880,639931,1,10155169068
312,0,11,164718692818443,164718692818494,164718693453600,51,635106,635157,1,10155169068
313,0,11,164718702779326,164718702779372,164718703502444,46,723072,723118,1,10155169068
314,0,11,164718712806749,164718712806809,164718713162148,60,355339,355399,1,10155169068
315,0,11,164718722844979,164718722845030,164718723287443,51,442413,442464,1,10155169068
316,0,11,164718732848520,164718732848571,164718733289320,51,440749,440800,1,10155169068
317,0,11,164718742847212,164718742847263,164718743290808,51,443545,443596,1,10155169068
318,0,11,164718752851625,164718752851676,164718753293170,51,441494,441545,1,10155169068
319,0,11,164718762847186,164718762847237,164718763276159,51,428922,428973,1,10155169068
320,0,11,164718772792584,164718772792637,164718773219955,53,427318,427371,1,10155169068
321,0,11,164718782845949,164718782846000,164718783276761,51,430761,430812,1,10155169068
322,0,11,164718792791739,164718792791795,164718793159294,56,367499,367555,1,10155169068
323,0,11,164718802850766,164718802850817,164718803308242,51,457425,457476,1,10155169068
324,0,11,164718812781016,164718812781067,164718813055339,51,274272,274323,1,10155169068
325,0,11,164718822845687,164718822845738,164718823267375,51,421637,421688,1,10155169068
326,0,11,164718832786996,164718832787062,164718833331566,66,544504,544570,1,10155169068
327,0,11,164718842787739,164718842787794,164718843388127,55,600333,600388,1,10155169068
328,0,11,164718852805528,164718852805579,164718853271480,51,465901,465952,1,10155169068
329,0,11,164718862838322,164718862838493,164718864089111,171,1250618,1250789,1,10155169068
330,0,11,164718872859432,164718872859598,164718874485807,166,1626209,1626375,1,10155169068
331,0,11,164718882909405,164718882909575,164718884431267,170,1521692,1521862,1,10155169068
332,0,11,164718892788092,164718892788143,164718893364899,51,576756,576807,1,10155169068
333,0,11,164718902847215,164718902847265,164718903435453,50,588188,588238,1,10155169068
334,0,11,164718912822582,164718912822640,164718913435030,58,612390,612448,1,10155169068
335,0,11,164718922819341,164718922819392,164718923386348,51,566956,567007,1,10155169068
336,0,11,164718932813888,164718932813947,164718933092361,59,278414,278473,1,10155169068
337,0,11,164718942848180,164718942848232,164718943176286,52,328054,328106,1,10155169068
338,0,11,164718952848844,164718952848901,164718953169284,57,320383,320440,1,10155169068
339,0,11,164718962846769,164718962846830,164718963241393,61,394563,394624,1,10155169068
340,0,11,164718972847486,164718972847539,164718973235880,53,388341,388394,1,10155169068
341,0,11,164718982850457,164718982850509,164718983276346,52,425837,425889,1,10155169068
342,0,11,164718992847340,164718992847399,164718993297682,59,450283,450342,1,10155169068
343,0,11,164719002790334,164719002790414,164719003840763,80,1050349,1050429,1,10155169068
344,0,11,164719012788481,164719012788532,164719013120437,51,331905,331956,1,10155169068
345,0,11,164719022849462,164719022849514,164719023623545,52,774031,774083,1,10155169068
346,0,11,164719032885045,164719032885256,164719034165758,211,1280502,1280713,1,10155169068
347,0,11,164719042851631,164719042851681,164719043306232,50,454551,454601,1,10155169068
348,0,11,164719052848508,164719052848566,164719053337970,58,489404,489462,1,10155169068
349,0,11,164719062781991,164719062782042,164719063226258,51,444216,444267,1,10155169068
350,0,11,164719072800175,164719072800227,164719072990767,52,190540,190592,1,10155169068
351,0,11,164719082826460,164719082826512,164719083971541,52,1145029,1145081,1,10155169068
352,0,11,164719092910343,164719092910513,164719094515327,170,1604814,1604984,1,10155169068
353,0,11,164719102919390,164719102919576,164719104449481,186,1529905,1530091,1,10155169068
354,0,11,164719112891732,164719112891898,164719114611613,166,1719715,1719881,1,10155169068
355,0,11,164719122917042,164719122917208,164719124818935,166,1901727,1901893,1,10155169068
356,0,11,164719132934354,164719132934589,164719134754382,235,1819793,1820028,1,10155169068
357,0,11,164719142857302,164719142857467,164719143498115,165,640648,640813,1,10155169068
358,0,11,164719152813418,164719152813470,164719153164035,52,350565,350617,1,10155169068
359,0,11,164719162806998,164719162807048,164719163217820,50,410772,410822,1,10155169068
360,0,11,164719172804076,164719172804147,164719173342587,71,538440,538511,1,10155169068
361,0,11,164719182779265,164719182779317,164719183268994,52,489677,489729,1,10155169068
362,0,11,164719192808945,164719192809005,164719193110356,60,301351,301411,1,10155169068
363,0,11,164719202798674,164719202798739,164719203086384,65,287645,287710,1,10155169068
364,0,11,164719212862961,164719212863020,164719213150660,59,287640,287699,1,10155169068
365,0,11,164719222815805,164719222815863,164719223204014,58,388151,388209,1,10155169068
366,0,11,164719232820379,164719232820430,164719233203190,51,382760,382811,1,10155169068
367,0,11,164719242850106,164719242850163,164719243246688,57,396525,396582,1,10155169068
368,0,11,164719252817430,164719252817481,164719253267640,51,450159,450210,1,10155169068
369,0,11,164719262849175,164719262849232,164719263245083,57,395851,395908,1,10155169068
370,0,11,164719272821759,164719272821811,164719273340267,52,518456,518508,1,10155169068
371,0,11,164719282800601,164719282800675,164719283108959,74,308284,308358,1,10155169068
372,0,11,164719292782051,164719292782112,164719293069427,61,287315,287376,1,10155169068
373,0,11,164719302850789,164719302850840,164719303148907,51,298067,298118,1,10155169068
374,0,11,164719312784569,164719312784621,164719313073682,52,289061,289113,1,10155169068
375,0,11,164719322851881,164719322851940,164719323148233,59,296293,296352,1,10155169068
376,0,11,164719332826615,164719332826671,164719333136950,56,310279,310335,1,10155169068
377,0,11,164719342855977,164719342856040,164719343171389,63,315349,315412,1,10155169068
378,0,11,164719352850256,164719352850313,164719353147428,57,297115,297172,1,10155169068
379,0,11,164719362816382,164719362816433,164719363108035,51,291602,291653,1,10155169068
380,0,11,164719372867078,164719372867248,164719373472647,170,605399,605569,1,10155169068
381,0,11,164719382918910,164719382919095,164719384532229,185,1613134,1613319,1,10155169068
382,0,11,164719392892911,164719392893076,164719394094927,165,1201851,1202016,1,10155169068
383,0,11,164719402918918,164719402919083,164719404514841,165,1595758,1595923,1,10155169068
384,0,11,164719412890232,164719412890418,164719414624201,186,1733783,1733969,1,10155169068
385,0,11,164719422921572,164719422921742,164719423614673,170,692931,693101,1,10155169068
386,0,11,164719432882497,164719432882683,164719433661092,186,778409,778595,1,10155169068
387,0,11,164719442882203,164719442882368,164719443661985,165,779617,779782,1,10155169068
388,0,11,164719452785196,164719452785255,164719453049733,59,264478,264537,1,10155169068
389,0,11,164719462822923,164719462822980,164719463106880,57,283900,283957,1,10155169068
390,0,11,164719472914011,164719472914177,164719473638836,166,724659,724825,1,10155169068
391,0,11,164719482921726,164719482921891,164719483742127,165,820236,820401,1,10155169068
392,0,11,164719492868684,164719492868855,164719493529856,171,661001,661172,1,10155169068
393,0,11,164719502923753,164719502923939,164719503591466,186,667527,667713,1,10155169068
394,0,11,164719512886032,164719512886198,164719513695739,166,809541,809707,1,10155169068
395,0,11,164719522917281,164719522917472,164719523714158,191,796686,796877,1,10155169068
396,0,11,164719532888170,164719532888336,164719533696419,166,808083,808249,1,10155169068
397,0,11,164719542918778,164719542918968,164719543592821,190,673853,674043,1,10155169068
398,0,11,164719552788545,164719552788596,164719553270257,51,481661,481712,1,10155169068
399,0,11,164719562811027,164719562811079,164719563173572,52,362493,362545,1,10155169068
400,0,11,164719572794371,164719572794423,164719573257092,52,462669,462721,1,10155169068
401,0,11,164719582828509,164719582828560,164719583397599,51,569039,569090,1,10155169068
402,0,11,164719592854300,164719592854350,164719593427007,50,572657,572707,1,10155169068
403,0,11,164719602861931,164719602861991,164719603432380,60,570389,570449,1,10155169068
404,0,11,164719612852863,164719612852914,164719613490091,51,637177,637228,1,10155169068
405,0,11,164719622856906,164719622856964,164719623534732,58,677768,677826,1,10155169068
406,0,11,164719632858515,164719632858572,164719633450370,57,591798,591855,1,10155169068
407,0,11,164719642857261,164719642857312,164719643571176,51,713864,713915,1,10155169068
408,0,11,164719652856405,164719652856456,164719653572357,51,715901,715952,1,10155169068
409,0,11,164719662831282,164719662831332,164719663555867,50,724535,724585,1,10155169068
410,0,11,164719672801099,164719672801150,164719673373863,51,572713,572764,1,10155169068
411,0,11,164719682853352,164719682853411,164719683322970,59,469559,469618,1,10155169068
412,0,11,164719692919702,164719692919887,164719693549872,185,629985,630170,1,10155169068
413,0,11,164719702804895,164719702805006,164719703143928,111,338922,339033,1,10155169068
414,0,11,164719712801638,164719712801710,164719713145306,72,343596,343668,1,10155169068
415,0,11,164719722799662,164719722799753,164719723305783,91,506030,506121,1,10155169068
416,0,11,164719732823243,164719732823306,164719733124716,63,301410,301473,1,10155169068
417,0,11,164719742858926,164719742858983,164719743333141,57,474158,474215,1,10155169068
418,0,11,164719752832868,164719752832923,164719753291401,55,458478,458533,1,10155169068
419,0,11,164719762856125,164719762856176,164719763156079,51,299903,299954,1,10155169068
420,0,11,164719772827339,164719772827390,164719773248839,51,421449,421500,1,10155169068
421,0,11,164719782855629,164719782855680,164719783143102,51,287422,287473,1,10155169068
422,0,11,164719792818860,164719792818911,164719793223962,51,405051,405102,1,10155169068
423,0,11,164719802894286,164719802894337,164719803227154,51,332817,332868,1,10155169068
424,0,11,164719812790496,164719812790547,164719813079232,51,288685,288736,1,10155169068
425,0,11,164719822815037,164719822815088,164719823133571,51,318483,318534,1,10155169068
426,0,11,164719832831532,164719832831583,164719833116272,51,284689,284740,1,10155169068
427,0,11,164719842853956,164719842854037,164719843151656,81,297619,297700,1,10155169068
428,0,11,164719852799755,164719852799818,164719853032102,63,232284,232347,1,10155169068
429,0,11,164719862857038,164719862857098,164719863148157,60,291059,291119,1,10155169068
430,0,11,164719872789585,164719872789653,164719873118388,68,328735,328803,1,10155169068
431,0,11,164719882800123,164719882800197,164719883214028,74,413831,413905,1,10155169068
432,0,11,164719892855985,164719892856042,164719893119132,57,263090,263147,1,10155169068
433,0,11,164719902817588,164719902817639,164719903323256,51,505617,505668,1,10155169068
434,0,11,164719912851956,164719912852007,164719913370612,51,518605,518656,1,10155169068
435,0,11,164719922856261,164719922856310,164719923197250,49,340940,340989,1,10155169068
436,0,11,164719932829465,164719932829516,164719933116198,51,286682,286733,1,10155169068
437,0,11,164719942856764,164719942856815,164719943176838,51,320023,320074,1,10155169068
438,0,11,164719952806404,164719952806455,164719952990359,51,183904,183955,1,10155169068
439,0,11,164719962823533,164719962823585,164719963108731,52,285146,285198,1,10155169068
440,0,11,164719972856106,164719972856165,164719973372081,59,515916,515975,1,10155169068
441,0,11,164719982855660,164719982855720,164719983431220,60,575500,575560,1,10155169068
442,0,11,164719992826883,164719992826942,164719993300578,59,473636,473695,1,10155169068
443,0,11,164720002798359,164720002798437,164720003935069,78,1136632,1136710,1,10155169068
444,0,11,164720012798548,164720012798601,164720013421518,53,622917,622970,1,10155169068
445,0,11,164720022816609,164720022816667,164720023379775,58,563108,563166,1,10155169068
446,0,11,164720032823974,164720032824039,164720033193679,65,369640,369705,1,10155169068
447,0,11,164720042855133,164720042855184,164720043241406,51,386222,386273,1,10155169068
448,0,11,164720052858903,164720052858956,164720053279979,53,421023,421076,1,10155169068
449,0,11,164720062833072,164720062833127,164720063249819,55,416692,416747,1,10155169068
450,0,11,164720072856978,164720072857029,164720073242539,51,385510,385561,1,10155169068
451,0,11,164720082857093,164720082857144,164720083205245,51,348101,348152,1,10155169068
452,0,11,164720092849259,164720092849311,164720093103138,52,253827,253879,1,10155169068
453,0,11,164720102826875,164720102826935,164720103190340,60,363405,363465,1,10155169068
454,0,11,164720112789661,164720112789720,164720113051275,59,261555,261614,1,10155169068
455,0,11,164720122807685,164720122807735,164720123083445,50,275710,275760,1,10155169068
456,0,11,164720132854764,164720132854815,164720133507809,51,652994,653045,1,10155169068
457,0,11,164720142893887,164720142894053,164720143714063,166,820010,820176,1,10155169068
458,0,11,164720152886201,164720152886366,164720153635638,165,749272,749437,1,10155169068
459,0,11,164720162926927,164720162927092,164720163550352,165,623260,623425,1,10155169068
460,0,11,164720172859112,164720172859169,164720173119437,57,260268,260325,1,10155169068
461,0,11,164720182855216,164720182855269,164720183413848,53,558579,558632,1,10155169068
462,0,11,164720192926039,164720192926204,164720193683495,165,757291,757456,1,10155169068
463,0,11,164720202805053,164720202805175,164720207982556,122,5177381,5177503,1,10155169068
464,0,11,164720212801815,164720212801892,164720213107147,77,305255,305332,1,10155169068
465,0,11,164720222960980,164720222961068,164720223233300,88,272232,272320,1,10155169068
466,0,11,164720232796401,164720232796485,164720233113054,84,316569,316653,1,10155169068
467,0,11,164720242798075,164720242798153,164720243084978,78,286825,286903,1,10155169068
468,0,11,164720253097398,164720253097462,164720253385426,64,287964,288028,1,10155169068
469,0,11,164720262804267,164720262804329,164720263067008,62,262679,262741,1,10155169068
470,0,11,164720272799565,164720272799616,164720273308747,51,509131,509182,1,10155169068
471,0,11,164720282828660,164720282828718,164720283151546,58,322828,322886,1,10155169068
472,0,11,164720292831554,164720292831605,164720293149780,51,318175,318226,1,10155169068
473,0,11,164720302822730,164720302822794,164720303517973,64,695179,695243,1,10155169068
474,0,11,164720312827056,164720312827107,164720313449764,51,622657,622708,1,10155169068
475,0,11,164720322858974,164720322859025,164720323449874,51,590849,590900,1,10155169068
476,0,11,164720332819652,164720332819701,164720333194917,49,375216,375265,1,10155169068
477,0,11,164720342835136,164720342835187,164720343214815,51,379628,379679,1,10155169068
478,0,11,164720352831292,164720352831342,164720353157842,50,326500,326550,1,10155169068
479,0,11,164720362859409,164720362859459,164720363211992,50,352533,352583,1,10155169068
480,0,11,164720372792919,164720372792971,164720373120620,52,327649,327701,1,10155169068
481,0,11,164720382859096,164720382859147,164720383353996,51,494849,494900,1,10155169068
482,0,11,164720392856518,164720392856570,164720393286634,52,430064,430116,1,10155169068
483,0,11,164720402875291,164720402875348,164720403233202,57,357854,357911,1,10155169068
484,0,11,164720412828708,164720412828758,164720413148689,50,319931,319981,1,10155169068
485,0,11,164720422858929,164720422858988,164720423202711,59,343723,343782,1,10155169068
486,0,11,164720432814939,164720432814990,164720433061287,51,246297,246348,1,10155169068
487,0,11,164720442807286,164720442807344,164720443147072,58,339728,339786,1,10155169068
488,0,11,164720452858667,164720452858724,164720453335099,57,476375,476432,1,10155169068
489,0,11,164720462858837,164720462858888,164720463209337,51,350449,350500,1,10155169068
490,0,11,164720472860292,164720472860342,164720473207299,50,346957,347007,1,10155169068
491,0,11,164720482817970,164720482818047,164720483158001,77,339954,340031,1,10155169068
492,0,11,164720492861319,164720492861376,164720493211859,57,350483,350540,1,10155169068
493,0,11,164720502865539,164720502865590,164720503507868,51,642278,642329,1,10155169068
494,0,11,164720512859886,164720512859938,164720513471212,52,611274,611326,1,10155169068
495,0,11,164720522863481,164720522863538,164720523607359,57,743821,743878,1,10155169068
496,0,11,164720532836303,164720532836355,164720533279076,52,442721,442773,1,10155169068
497,0,11,164720542827341,164720542827402,164720543215486,61,388084,388145,1,10155169068
498,0,11,164720552829144,164720552829202,164720553282357,58,453155,453213,1,10155169068
499,0,11,164720562816497,164720562816559,164720563153698,62,337139,337201,1,10155169068
500,0,11,164720572811533,164720572811585,164720573153286,52,341701,341753,0,10155169068
501,0,11,164720582830081,164720582830132,164720583482017,51,651885,651936,0,10155169068
502,0,11,164720592858218,164720592858277,164720593568821,59,710544,710603,0,10155169068
503,0,11,164720602859692,164720602859749,164720603514476,57,654727,654784,0,10155169068
504,0,11,164720612793422,164720612793475,164720613442188,53,648713,648766,0,10155169068
505,0,11,164720622806315,164720622806372,164720623049778,57,243406,243463,0,10155169068
506,0,11,164720632860269,164720632860321,164720633271082,52,410761,410813,0,10155169068
507,0,11,164720642861039,164720642861096,164720643210375,57,349279,349336,0,10155169068
508,0,11,164720652859298,164720652859349,164720653282268,51,422919,422970,0,10155169068
509,0,11,164720662819174,164720662819226,164720663349979,52,530753,530805,0,10155169068
510,0,11,164720672858942,164720672858993,164720673299508,51,440515,440566,0,10155169068
511,0,11,164720682858640,164720682858698,164720683272882,58,414184,414242,0,10155169068
512,0,11,164720692859637,164720692859688,164720693219132,51,359444,359495,0,10155169068
513,0,11,164720702861638,164720702861689,164720703280066,51,418377,418428,0,10155169068
514,0,11,164720712894742,164720712894908,164720713752520,166,857612,857778,0,10155169068
515,0,11,164720722931304,164720722931469,164720724837381,165,1905912,1906077,0,10155169068
516,0,11,164720732895452,164720732895617,164720733719321,165,823704,823869,0,10155169068
517,0,11,164720742925318,164720742925508,164720744447180,190,1521672,1521862,0,10155169068
518,0,11,164720752812941,164720752813002,164720753458341,61,645339,645400,0,10155169068
519,0,11,164720762809989,164720762810049,164720763578535,60,768486,768546,0,10155169068
520,0,11,164720772824116,164720772824171,164720773538221,55,714050,714105,0,10155169068
521,0,11,164720782833588,164720782833645,164720783243604,57,409959,410016,0,10155169068
522,0,11,164720792837162,164720792837221,164720793463023,59,625802,625861,0,10155169068
523,0,11,164720802861791,164720802861850,164720803525434,59,663584,663643,0,10155169068
524,0,11,164720812795634,164720812795685,164720813529270,51,733585,733636,0,10155169068
525,0,11,164720822831198,164720822831249,164720823539273,51,708024,708075,0,10155169068
526,0,11,164720832859839,164720832859890,164720833576562,51,716672,716723,0,10155169068
527,0,11,164720842862029,164720842862079,164720843267161,50,405082,405132,0,10155169068
528,0,11,164720852818277,164720852818342,164720853213333,65,394991,395056,0,10155169068
529,0,11,164720862861514,164720862861571,164720863257026,57,395455,395512,0,10155169068
530,0,11,164720872862510,164720872862569,164720873256093,59,393524,393583,0,10155169068
531,0,11,164720882876647,164720882876715,164720883289597,68,412882,412950,0,10155169068
532,0,11,164720892833045,164720892833104,164720893215584,59,382480,382539,0,10155169068
533,0,11,164720902860433,164720902860491,164720903207627,58,347136,347194,0,10155169068
534,0,11,164720912839802,164720912839853,164720913175947,51,336094,336145,0,10155169068
535,0,11,164720922835500,164720922835551,164720923168458,51,332907,332958,0,10155169068
536,0,11,164720932866715,164720932866774,164720933284147,59,417373,417432,0,10155169068
537,0,11,164720942834634,164720942834685,164720943235405,51,400720,400771,0,10155169068
538,0,11,164720952828108,164720952828159,164720953210269,51,382110,382161,0,10155169068
539,0,11,164720962863030,164720962863088,164720963271669,58,408581,408639,0,10155169068
540,0,11,164720972862592,164720972862642,164720973278290,50,415648,415698,0,10155169068
541,0,11,164720982864469,164720982864526,164720983249042,57,384516,384573,0,10155169068
542,0,11,164720992861995,164720992862046,164720993299930,51,437884,437935,0,10155169068
543,0,11,164721002843963,164721002844053,164721003240359,90,396306,396396,0,10155169068
544,0,11,164721012815715,164721012815766,164721013119086,51,303320,303371,0,10155169068
545,0,11,164721022797502,164721022797555,164721023180747,53,383192,383245,0,10155169068
546,0,11,164721032862753,164721032862818,164721033178196,65,315378,315443,0,10155169068
547,0,11,164721042861926,164721042861979,164721043322002,53,460023,460076,0,10155169068
548,0,11,164721052861384,164721052861437,164721053323198,53,461761,461814,0,10155169068
549,0,11,164721062801229,164721062801278,164721063297919,49,496641,496690,0,10155169068
550,0,11,164721072790757,164721072790812,164721073535948,55,745136,745191,0,10155169068
551,0,11,164721082814633,164721082814696,164721083672222,63,857526,857589,0,10155169068
552,0,11,164721092828092,164721092828144,164721093495121,52,666977,667029,0,10155169068
553,0,11,164721102863396,164721102863453,164721103498924,57,635471,635528,0,10155169068
554,0,11,164721112838353,164721112838406,164721113139971,53,301565,301618,0,10155169068
555,0,11,164721122866663,164721122866722,164721123208353,59,341631,341690,0,10155169068
556,0,11,164721132837668,164721132837719,164721133136766,51,299047,299098,0,10155169068
557,0,11,164721142864826,164721142864877,164721143172390,51,307513,307564,0,10155169068
558,0,11,164721152837516,164721152837568,164721153133995,52,296427,296479,0,10155169068
559,0,11,164721162827979,164721162828040,164721163119375,61,291335,291396,0,10155169068
560,0,11,164721172814863,164721172814914,164721173050155,51,235241,235292,0,10155169068
561,0,11,164721182815438,164721182815495,164721183019480,57,203985,204042,0,10155169068
562,0,11,164721192819090,164721192819148,164721193062760,58,243612,243670,0,10155169068
563,0,11,164721202864570,164721202864629,164721203239584,59,374955,375014,0,10155169068
564,0,11,164721212840893,164721212840944,164721213283547,51,442603,442654,0,10155169068
565,0,11,164721222864247,164721222864298,164721223175502,51,311204,311255,0,10155169068
566,0,11,164721232828260,164721232828311,164721233271003,51,442692,442743,0,10155169068
567,0,11,164721242817852,164721242817904,164721243272281,52,454377,454429,0,10155169068
568,0,11,164721252779744,164721252779801,164721253257371,57,477570,477627,0,10155169068
569,0,11,164721262801725,164721262801812,164721263110337,87,308525,308612,0,10155169068
570,0,11,164721272810362,164721272810417,164721273089520,55,279103,279158,0,10155169068
571,0,11,164721282823269,164721282823320,164721283069220,51,245900,245951,0,10155169068
572,0,11,164721292836771,164721292836822,164721293222368,51,385546,385597,0,10155169068
573,0,11,164721302864960,164721302865011,164721303265440,51,400429,400480,0,10155169068
574,0,11,164721312799681,164721312799732,164721313233794,51,434062,434113,0,10155169068
575,0,11,164721322864640,164721322864692,164721323349773,52,485081,485133,0,10155169068
576,0,11,164721332840878,164721332840934,164721333310372,56,469438,469494,0,10155169068
577,0,11,164721342871657,164721342871719,164721343383682,62,511963,512025,0,10155169068
578,0,11,164721352843989,164721352844045,164721353354763,56,510718,510774,0,10155169068
579,0,11,164721362872645,164721362872702,164721363352928,57,480226,480283,0,10155169068
580,0,11,164721372846298,164721372846359,164721373448122,61,601763,601824,0,10155169068
581,0,11,164721382855229,164721382855285,164721383453599,56,598314,598370,0,10155169068
582,0,11,164721392873293,164721392873349,164721393341685,56,468336,468392,0,10155169068
583,0,11,164721402868888,164721402868939,164721403307954,51,439015,439066,0,10155169068
584,0,11,164721412840816,164721412840867,164721413541255,51,700388,700439,0,10155169068
585,0,11,164721422866548,164721422866605,164721423494168,57,627563,627620,0,10155169068
586,0,11,164721432838312,164721432838363,164721433287205,51,448842,448893,0,10155169068
587,0,11,164721442868690,164721442868741,164721443190528,51,321787,321838,0,10155169068
588,0,11,164721452835464,164721452835515,164721453108275,51,272760,272811,0,10155169068
589,0,11,164721462866234,164721462866293,164721463374240,59,507947,508006,0,10155169068
590,0,11,164721472865208,164721472865267,164721473374740,59,509473,509532,0,10155169068
591,0,11,164721482865951,164721482866008,164721483533959,57,667951,668008,0,10155169068
592,0,11,164721492844992,164721492845044,164721493324531,52,479487,479539,0,10155169068
593,0,11,164721502865805,164721502865862,164721503372597,57,506735,506792,0,10155169068
594,0,11,164721512865410,164721512865469,164721513645557,59,780088,780147,0,10155169068
595,0,11,164721522867209,164721522867262,164721523463255,53,595993,596046,0,10155169068
596,0,11,164721532864100,164721532864160,164721533376716,60,512556,512616,0,10155169068
597,0,11,164721542867740,164721542867791,164721543372829,51,505038,505089,0,10155169068
598,0,11,164721552867325,164721552867376,164721553417065,51,549689,549740,0,10155169068
599,0,11,164721562802190,164721562802241,164721563443571,51,641330,641381,0,10155169068
600,0,11,164721572840700,164721572840751,164721573504540,51,663789,663840,0,10155169068
601,0,11,164721582867822,164721582867879,164721583483405,57,615526,615583,0,10155169068
602,0,11,164721592830673,164721592830743,164721593528417,70,697674,697744,0,10155169068
603,0,11,164721602896861,164721602896920,164721603282413,59,385493,385552,0,10155169068
604,0,11,164721612869790,164721612869841,164721613286966,51,417125,417176,0,10155169068
605,0,11,164721622866767,164721622866820,164721623435494,53,568674,568727,0,10155169068
606,0,11,164721632868076,164721632868136,164721633435983,60,567847,567907,0,10155169068
607,0,11,164721642867659,164721642867710,164721643432672,51,564962,565013,0,10155169068
608,0,11,164721652869259,164721652869316,164721654389028,57,1519712,1519769,0,10155169068
609,0,11,164721662929116,164721662929281,164721664666342,165,1737061,1737226,0,10155169068
610,0,11,164721672861591,164721672861761,164721674298987,170,1437226,1437396,0,10155169068
611,0,11,164721682880822,164721682881032,164721684370915,210,1489883,1490093,0,10155169068
612,0,11,164721692872294,164721692872484,164721693864413,190,991929,992119,0,10155169068
613,0,11,164721702836908,164721702837073,164721703353982,165,516909,517074,0,10155169068
614,0,11,164721712814720,164721712814780,164721713115480,60,300700,300760,0,10155169068
615,0,11,164721722816796,164721722816847,164721723131418,51,314571,314622,0,10155169068
616,0,11,164721732803729,164721732803780,164721733115661,51,311881,311932,0,10155169068
617,0,11,164721742809666,164721742809719,164721743462669,53,652950,653003,0,10155169068
618,0,11,164721752864895,164721752865066,164721753766350,171,901284,901455,0,10155169068
619,0,11,164721762856758,164721762856948,164721763888745,190,1031797,1031987,0,10155169068
620,0,11,164721772864261,164721772864432,164721773770201,171,905769,905940,0,10155169068
621,0,11,164721782863536,164721782863702,164721784191975,166,1328273,1328439,0,10155169068
622,0,11,164721792833127,164721792833288,164721794421193,161,1587905,1588066,0,10155169068
623,0,11,164721802864461,164721802864627,164721803412912,166,548285,548451,0,10155169068
624,0,11,164721812787320,164721812787371,164721812997803,51,210432,210483,0,10155169068
625,0,11,164721822812149,164721822812206,164721823001569,57,189363,189420,0,10155169068
626,0,11,164721832814836,164721832814894,164721833086209,58,271315,271373,0,10155169068
627,0,11,164721842813548,164721842813599,164721843065566,51,251967,252018,0,10155169068
628,0,11,164721852868288,164721852868347,164721853125173,59,256826,256885,0,10155169068
629,0,11,164721862868884,164721862868935,164721864107611,51,1238676,1238727,0,10155169068
630,0,11,164721872939471,164721872939636,164721873568313,165,628677,628842,0,10155169068
631,0,11,164721882878606,164721882878776,164721883922901,170,1044125,1044295,0,10155169068
632,0,11,164721892910166,164721892910331,164721893833746,165,923415,923580,0,10155169068
633,0,11,164721902931456,164721902931622,164721904289890,166,1358268,1358434,0,10155169068
634,0,11,164721912869389,164721912869440,164721913229311,51,359871,359922,0,10155169068
635,0,11,164721922938972,164721922939162,164721923650461,190,711299,711489,0,10155169068
636,0,11,164721932904252,164721932904438,164721933893104,186,988666,988852,0,10155169068
637,0,11,164721942928335,164721942928591,164721943954047,256,1025456,1025712,0,10155169068
638,0,11,164721952941522,164721952941687,164721954644739,165,1703052,1703217,0,10155169068
639,0,11,164721962985971,164721962986182,164721963798880,211,812698,812909,0,10155169068
640,0,11,164721972905797,164721972905962,164721973823454,165,917492,917657,0,10155169068
641,0,11,164721982936089,164721982936254,164721983846318,165,910064,910229,0,10155169068
642,0,11,164721992851825,164721992851990,164721993475175,165,623185,623350,0,10155169068
643,0,11,164722003039231,164722003039536,164722008091019,305,5051483,5051788,0,10155169068
644,0,11,164722012800866,164722012800914,164722013195838,48,394924,394972,0,10155169068
645,0,11,164722022820086,164722022820149,164722023184339,63,364190,364253,0,10155169068
646,0,11,164722032802318,164722032802395,164722033232895,77,430500,430577,0,10155169068
647,0,11,164722042870587,164722042870647,164722043380402,60,509755,509815,0,10155169068
648,0,11,164722052841991,164722052842042,164722053338205,51,496163,496214,0,10155169068
649,0,11,164722062807927,164722062807978,164722063315119,51,507141,507192,0,10155169068
650,0,11,164722072846883,164722072846935,164722073854305,52,1007370,1007422,0,10155169068
651,0,11,164722082940629,164722082940819,164722084537029,190,1596210,1596400,0,10155169068
652,0,11,164722092910060,164722092910230,164722094886395,170,1976165,1976335,0,10155169068
653,0,11,164722102867873,164722102868039,164722104525911,166,1657872,1658038,0,10155169068
654,0,11,164722112810026,164722112810083,164722113479674,57,669591,669648,0,10155169068
655,0,11,164722122872235,164722122872287,164722123525662,52,653375,653427,0,10155169068
656,0,11,164722132847370,164722132847427,164722133487230,57,639803,639860,0,10155169068
657,0,11,164722142874334,164722142874385,164722143473589,51,599204,599255,0,10155169068
658,0,11,164722152847402,164722152847460,164722153437002,58,589542,589600,0,10155169068
659,0,11,164722162874685,164722162874736,164722163466325,51,591589,591640,0,10155169068
660,0,11,164722172871524,164722172871575,164722173473032,51,601457,601508,0,10155169068
661,0,11,164722182846996,164722182847055,164722183501594,59,654539,654598,0,10155169068
662,0,11,164722192872760,164722192872839,164722193574295,79,701456,701535,0,10155169068
663,0,11,164722202874552,164722202874610,164722203596001,58,721391,721449,0,10155169068
664,0,11,164722212873031,164722212873082,164722213531907,51,658825,658876,0,10155169068
665,0,11,164722222879735,164722222879786,164722223537969,51,658183,658234,0,10155169068
666,0,11,164722232848519,164722232848569,164722233580454,50,731885,731935,0,10155169068
667,0,11,164722242816521,164722242816574,164722243527767,53,711193,711246,0,10155169068
668,0,11,164722252805815,164722252805860,164722253409154,45,603294,603339,0,10155169068
669,0,11,164722262824548,164722262824599,164722263413542,51,588943,588994,0,10155169068
670,0,11,164722272818710,164722272818769,164722273235567,59,416798,416857,0,10155169068
671,0,11,164722282765958,164722282766010,164722283346329,52,580319,580371,0,10155169068
672,0,11,164722292800714,164722292800767,164722293146601,53,345834,345887,0,10155169068
673,0,11,164722302822788,164722302822853,164722303189731,65,366878,366943,0,10155169068
674,0,11,164722312794491,164722312794553,164722313094567,62,300014,300076,0,10155169068
675,0,11,164722322809673,164722322809724,164722323160342,51,350618,350669,0,10155169068
676,0,11,164722332837813,164722332837870,164722333179573,57,341703,341760,0,10155169068
677,0,11,164722342802581,164722342802632,164722343073236,51,270604,270655,0,10155169068
678,0,11,164722352849377,164722352849427,164722353202138,50,352711,352761,0,10155169068
679,0,11,164722362872763,164722362872820,164722363226454,57,353634,353691,0,10155169068
680,0,11,164722372845763,164722372845814,164722373335182,51,489368,489419,0,10155169068
681,0,11,164722382842133,164722382842193,164722383321089,60,478896,478956,0,10155169068
682,0,11,164722392840373,164722392840424,164722393307527,51,467103,467154,0,10155169068
683,0,11,164722402872802,164722402872859,164722403342683,57,469824,469881,0,10155169068
684,0,11,164722412845843,164722412845894,164722413121305,51,275411,275462,0,10155169068
685,0,11,164722422875026,164722422875084,164722423477726,58,602642,602700,0,10155169068
686,0,11,164722432818945,164722432818996,164722433466783,51,647787,647838,0,10155169068
687,0,11,164722442875201,164722442875258,164722443552255,57,676997,677054,0,10155169068
688,0,11,164722452874872,164722452874923,164722453560826,51,685903,685954,0,10155169068
689,0,11,164722462942609,164722462942775,164722464577553,166,1634778,1634944,0,10155169068
690,0,11,164722472877339,164722472877545,164722474725433,206,1847888,1848094,0,10155169068
691,0,11,164722482894595,164722482894701,164722483574524,106,679823,679929,0,10155169068
692,0,11,164722492888640,164722492888750,164722493583317,110,694567,694677,0,10155169068
693,0,11,164722502913952,164722502914062,164722503594997,110,680935,681045,0,10155169068
694,0,11,164722512843321,164722512843432,164722513564446,111,721014,721125,0,10155169068
695,0,11,164722522836448,164722522836500,164722523307349,52,470849,470901,0,10155169068
696,0,11,164722532872915,164722532872972,164722533374258,57,501286,501343,0,10155169068
697,0,11,164722542851119,164722542851177,164722543484034,58,632857,632915,0,10155169068
698,0,11,164722552874028,164722552874078,164722553402794,50,528716,528766,0,10155169068
699,0,11,164722562777035,164722562777094,164722563408039,59,630945,631004,0,10155169068
700,0,11,164722572826412,164722572826463,164722573226464,51,400001,400052,0,10155169068
701,0,11,164722582854398,164722582854455,164722583415040,57,560585,560642,0,10155169068
702,0,11,164722592875114,164722592875165,164722593457968,51,582803,582854,0,10155169068
703,0,11,164722602876606,164722602876657,164722603483113,51,606456,606507,0,10155169068
704,0,11,164722612819111,164722612819163,164722613424721,52,605558,605610,0,10155169068
705,0,11,164722622874536,164722622874586,164722623415829,50,541243,541293,0,10155169068
706,0,11,164722632833739,164722632833790,164722633288712,51,454922,454973,0,10155169068
707,0,11,164722642840366,164722642840417,164722643282045,51,441628,441679,0,10155169068
708,0,11,164722652843496,164722652843547,164722653321828,51,478281,478332,0,10155169068
709,0,11,164722662809771,164722662809822,164722663228264,51,418442,418493,0,10155169068
710,0,11,164722672847515,164722672847566,164722673136887,51,289321,289372,0,10155169068
711,0,11,164722682877663,164722682877714,164722683225410,51,347696,347747,0,10155169068
712,0,11,164722692877545,164722692877606,164722693428895,61,551289,551350,0,10155169068
713,0,11,164722702875312,164722702875364,164722703435891,52,560527,560579,0,10155169068
714,0,11,164722712873430,164722712873483,164722713382808,53,509325,509378,0,10155169068
715,0,11,164722722874420,164722722874471,164722723310327,51,435856,435907,0,10155169068
716,0,11,164722732873869,164722732873920,164722733425574,51,551654,551705,0,10155169068
717,0,11,164722742877312,164722742877363,164722743950150,51,1072787,1072838,0,10155169068
718,0,11,164722752870244,164722752870414,164722754329085,170,1458671,1458841,0,10155169068
719,0,11,164722762826118,164722762826364,164722764529922,246,1703558,1703804,0,10155169068
720,0,11,164722772839854,164722772839931,164722774042193,77,1202262,1202339,0,10155169068
721,0,11,164722782810425,164722782810476,164722783241512,51,431036,431087,0,10155169068
722,0,11,164722792811113,164722792811175,164722793291102,62,479927,479989,0,10155169068
723,0,11,164722802815660,164722802815719,164722803368408,59,552689,552748,0,10155169068
724,0,11,164722812814534,164722812814596,164722813231625,62,417029,417091,0,10155169068
725,0,11,164722822807396,164722822807441,164722823277881,45,470440,470485,0,10155169068
726,0,11,164722832795277,164722832795328,164722833241684,51,446356,446407,0,10155169068
727,0,11,164722842875848,164722842875899,164722843170633,51,294734,294785,0,10155169068
728,0,11,164722852841244,164722852841301,164722853134579,57,293278,293335,0,10155169068
729,0,11,164722862878021,164722862878074,164722863173625,53,295551,295604,0,10155169068
730,0,11,164722872825869,164722872825948,164722873130005,79,304057,304136,0,10155169068
731,0,11,164722882831698,164722882831754,164722883098459,56,266705,266761,0,10155169068
732,0,11,164722892849712,164722892849763,164722893168887,51,319124,319175,0,10155169068
733,0,11,164722902863014,164722902863083,164722903191330,69,328247,328316,0,10155169068
734,0,11,164722912848399,164722912848449,164722913278959,50,430510,430560,0,10155169068
735,0,11,164722922875555,164722922875606,164722923168533,51,292927,292978,0,10155169068
736,0,11,164722932875522,164722932875579,164722933168857,57,293278,293335,0,10155169068
737,0,11,164722942819327,164722942819378,164722943096043,51,276665,276716,0,10155169068
738,0,11,164722952830214,164722952830256,164722953070706,42,240450,240492,0,10155169068
739,0,11,164722962845470,164722962845521,164722963122736,51,277215,277266,0,10155169068
740,0,11,164722972844698,164722972844757,164722973103341,59,258584,258643,0,10155169068
741,0,11,164722982879509,164722982879560,164722983145255,51,265695,265746,0,10155169068
742,0,11,164722992875168,164722992875220,164722993165624,52,290404,290456,0,10155169068
743,0,11,164723002812732,164723002812794,164723003299838,62,487044,487106,0,10155169068
744,0,11,164723012823374,164723012823418,164723013365904,44,542486,542530,0,10155169068
745,0,11,164723022831282,164723022831333,164723023090888,51,259555,259606,0,10155169068
746,0,11,164723032846343,164723032846408,164723033156168,65,309760,309825,0,10155169068
747,0,11,164723042831482,164723042831535,164723043140309,53,308774,308827,0,10155169068
748,0,11,164723052825002,164723052825053,164723053056413,51,231360,231411,0,10155169068
749,0,11,164723062879239,164723062879292,164723063163055,53,283763,283816,0,10155169068
750,0,11,164723072848003,164723072848054,164723073173425,51,325371,325422,0,10155169068
751,0,11,164723082818185,164723082818243,164723083095191,58,276948,277006,0,10155169068
752,0,11,164723092837225,164723092837275,164723093136336,50,299061,299111,0,10155169068
753,0,11,164723102882210,164723102882261,164723103181379,51,299118,299169,0,10155169068
754,0,11,164723112885930,164723112885987,164723113173184,57,287197,287254,0,10155169068
755,0,11,164723122881096,164723122881146,164723123174636,50,293490,293540,0,10155169068
756,0,11,164723132812888,164723132812931,164723133073709,43,260778,260821,0,10155169068
757,0,11,164723142880046,164723142880105,164723143171819,59,291714,291773,0,10155169068
758,0,11,164723152852944,164723152852995,164723153139154,51,286159,286210,0,10155169068
759,0,11,164723162878710,164723162878761,164723163233816,51,355055,355106,0,10155169068
760,0,11,164723172878497,164723172878548,164723173239691,51,361143,361194,0,10155169068
761,0,11,164723182878035,164723182878086,164723183231985,51,353899,353950,0,10155169068
762,0,11,164723192878362,164723192878411,164723193254491,49,376080,376129,0,10155169068
763,0,11,164723202879262,164723202879313,164723203362543,51,483230,483281,0,10155169068
764,0,11,164723212879019,164723212879070,164723213241396,51,362326,362377,0,10155169068
765,0,11,164723222880060,164723222880118,164723223240389,58,360271,360329,0,10155169068
766,0,11,164723232881772,164723232881824,164723233234232,52,352408,352460,0,10155169068
767,0,11,164723242881706,164723242881756,164723243230258,50,348502,348552,0,10155169068
768,0,11,164723252852687,164723252852738,164723253191548,51,338810,338861,0,10155169068
769,0,11,164723262879382,164723262879441,164723263294109,59,414668,414727,0,10155169068
770,0,11,164723272854321,164723272854387,164723273578306,66,723919,723985,0,10155169068
771,0,11,164723282943466,164723282943637,164723283791025,171,847388,847559,0,10155169068
772,0,11,164723292950995,164723292951166,164723294816083,171,1864917,1865088,0,10155169068
773,0,11,164723302894040,164723302894300,164723305531628,260,2637328,2637588,0,10155169068
774,0,11,164723312801522,164723312801665,164723313574489,143,772824,772967,0,10155169068
775,0,11,164723322829286,164723322829428,164723323488897,142,659469,659611,0,10155169068
776,0,11,164723332775119,164723332775178,164723333294094,59,518916,518975,0,10155169068
777,0,11,164723342811048,164723342811101,164723343182373,53,371272,371325,0,10155169068
778,0,11,164723352826904,164723352826954,164723353145696,50,318742,318792,0,10155169068
779,0,11,164723362837263,164723362837320,164723363188583,57,351263,351320,0,10155169068
780,0,11,164723372836088,164723372836146,164723373248473,58,412327,412385,0,10155169068
781,0,11,164723382881872,164723382881923,164723383316622,51,434699,434750,0,10155169068
782,0,11,164723392811713,164723392811764,164723393436672,51,624908,624959,0,10155169068
783,0,11,164723402818549,164723402818600,164723403147740,51,329140,329191,0,10155169068
784,0,11,164723412856012,164723412856063,164723413324683,51,468620,468671,0,10155169068
785,0,11,164723422881454,164723422881511,164723423340553,57,459042,459099,0,10155169068
786,0,11,164723432854382,164723432854440,164723433326301,58,471861,471919,0,10155169068
787,0,11,164723442850492,164723442850543,164723443313088,51,462545,462596,0,10155169068
788,0,11,164723452827209,164723452827260,164723453025413,51,198153,198204,0,10155169068
789,0,11,164723462881229,164723462881287,164723463359149,58,477862,477920,0,10155169068
790,0,11,164723472841545,164723472841596,164723473018403,51,176807,176858,0,10155169068
791,0,11,164723482840248,164723482840301,164723483304328,53,464027,464080,0,10155169068
792,0,11,164723492807251,164723492807303,164723493214782,52,407479,407531,0,10155169068
793,0,11,164723502883854,164723502883905,164723503466151,51,582246,582297,0,10155169068
794,0,11,164723512850656,164723512850707,164723513414499,51,563792,563843,0,10155169068
795,0,11,164723522888783,164723522888834,164723523449442,51,560608,560659,0,10155169068
796,0,11,164723532887173,164723532887223,164723533433908,50,546685,546735,0,10155169068
797,0,11,164723542840114,164723542840165,164723543449384,51,609219,609270,0,10155169068
798,0,11,164723552884853,164723552884910,164723553574854,57,689944,690001,0,10155169068
799,0,11,164723562818002,164723562818054,164723563523316,52,705262,705314,0,10155169068
800,0,11,164723572855100,164723572855151,164723573236573,51,381422,381473,0,10155169068
801,0,11,164723582856262,164723582856322,164723583143696,60,287374,287434,0,10155169068
802,0,11,164723592854641,164723592854692,164723593141166,51,286474,286525,0,10155169068
803,0,11,164723602947242,164723602947407,164723603660470,165,713063,713228,0,10155169068
804,0,11,164723612915039,164723612915210,164723613635349,171,720139,720310,0,10155169068
805,0,11,164723622948859,164723622949049,164723624422038,190,1472989,1473179,0,10155169068
806,0,11,164723632926468,164723632926639,164723634225183,171,1298544,1298715,0,10155169068
807,0,11,164723642954475,164723642954665,164723644322641,190,1367976,1368166,0,10155169068
808,0,11,164723652884263,164723652884316,164723653167361,53,283045,283098,0,10155169068
809,0,11,164723662883341,164723662883391,164723663467521,50,584130,584180,0,10155169068
810,0,11,164723672850039,164723672850096,164723673453517,57,603421,603478,0,10155169068
811,0,11,164723682882526,164723682882576,164723683392505,50,509929,509979,0,10155169068
812,0,11,164723692882138,164723692882197,164723693484309,59,602112,602171,0,10155169068
813,0,11,164723702882983,164723702883041,164723703353651,58,470610,470668,0,10155169068
814,0,11,164723712882416,164723712882476,164723713468220,60,585744,585804,0,10155169068
815,0,11,164723722883683,164723722883734,164723723462121,51,578387,578438,0,10155169068
816,0,11,164723732882884,164723732882935,164723733432794,51,549859,549910,0,10155169068
817,0,11,164723742887791,164723742887848,164723743533251,57,645403,645460,0,10155169068
818,0,11,164723752884048,164723752884099,164723753230185,51,346086,346137,0,10155169068
819,0,11,164723762857060,164723762857113,164723763268090,53,410977,411030,0,10155169068
820,0,11,164723772885618,164723772885669,164723773304887,51,419218,419269,0,10155169068
821,0,11,164723782884844,164723782884895,164723783733165,51,848270,848321,0,10155169068
822,0,11,164723792883249,164723792883300,164723793301029,51,417729,417780,0,10155169068
823,0,11,164723802883797,164723802883848,164723803178674,51,294826,294877,0,10155169068
824,0,11,164723812818618,164723812818669,164723813129690,51,311021,311072,0,10155169068
825,0,11,164723822882413,164723822882464,164723823242412,51,359948,359999,0,10155169068
826,0,11,164723832849786,164723832849843,164723833243376,57,393533,393590,0,10155169068
827,0,11,164723842882977,164723842883034,164723843333168,57,450134,450191,0,10155169068
828,0,11,164723852883320,164723852883371,164723853336903,51,453532,453583,0,10155169068
829,0,11,164723862884047,164723862884098,164723863377459,51,493361,493412,0,10155169068
830,0,11,164723872883694,164723872883744,164723873251099,50,367355,367405,0,10155169068
831,0,11,164723882884228,164723882884279,164723883379575,51,495296,495347,0,10155169068
832,0,11,164723892885936,164723892885987,164723893372304,51,486317,486368,0,10155169068
833,0,11,164723902885637,164723902885688,164723903378678,51,492990,493041,0,10155169068
834,0,11,164723912887162,164723912887236,164723914329265,74,1442029,1442103,0,10155169068
835,0,11,164723922948407,164723922948572,164723924247598,165,1299026,1299191,0,10155169068
836,0,11,164723932922197,164723932922363,164723934232895,166,1310532,1310698,0,10155169068
837,0,11,164723942955421,164723942955586,164723944508044,165,1552458,1552623,0,10155169068
838,0,11,164723952926676,164723952926866,164723954632244,190,1705378,1705568,0,10155169068
839,0,11,164723962888885,164723962888943,164723963404600,58,515657,515715,0,10155169068
840,0,11,164723972886454,164723972886514,164723973411207,60,524693,524753,0,10155169068
841,0,11,164723982886144,164723982886196,164723983378626,52,492430,492482,0,10155169068
842,0,11,164723992885789,164723992885839,164723993147887,50,262048,262098,0,10155169068
843,0,11,164724002875471,164724002875540,164724003736094,69,860554,860623,0,10155169068
844,0,11,164724012841279,164724012841330,164724013389878,51,548548,548599,0,10155169068
845,0,11,164724022883823,164724022883876,164724023532135,53,648259,648312,0,10155169068
846,0,11,164724032867655,164724032867720,164724033220605,65,352885,352950,0,10155169068
847,0,11,164724042883472,164724042883525,164724043377414,53,493889,493942,0,10155169068
848,0,11,164724052838012,164724052838063,164724053035916,51,197853,197904,0,10155169068
849,0,11,164724062836766,164724062836828,164724063043038,62,206210,206272,0,10155169068
850,0,11,164724072833512,164724072833563,164724073135057,51,301494,301545,0,10155169068
851,0,11,164724082844555,164724082844606,164724083276089,51,431483,431534,0,10155169068
852,0,11,164724092835342,164724092835402,164724093313996,60,478594,478654,0,10155169068
853,0,11,164724102884422,164724102884473,164724103167989,51,283516,283567,0,10155169068
854,0,11,164724112885045,164724112885104,164724113327409,59,442305,442364,0,10155169068
855,0,11,164724122854611,164724122854663,164724123325224,52,470561,470613,0,10155169068
856,0,11,164724132886423,164724132886474,164724133339344,51,452870,452921,0,10155169068
857,0,11,164724142947176,164724142947347,164724143839364,171,892017,892188,0,10155169068
858,0,11,164724152952390,164724152952560,164724154068291,170,1115731,1115901,0,10155169068
859,0,11,164724162886272,164724162886323,164724163516462,51,630139,630190,0,10155169068
860,0,11,164724172884643,164724172884702,164724174391127,59,1506425,1506484,0,10155169068
861,0,11,164724182949342,164724182949508,164724183668213,166,718705,718871,0,10155169068
862,0,11,164724192956210,164724192956375,164724193664471,165,708096,708261,0,10155169068
863,0,11,164724202949375,164724202949541,164724203771766,166,822225,822391,0,10155169068
864,0,11,164724212948765,164724212948931,164724213749501,166,800570,800736,0,10155169068
865,0,11,164724222955242,164724222955407,164724223638260,165,682853,683018,0,10155169068
866,0,11,164724232947651,164724232947816,164724233634573,165,686757,686922,0,10155169068
867,0,11,164724242949085,164724242949251,164724243631307,166,682056,682222,0,10155169068
868,0,11,164724252949352,164724252949543,164724253951440,191,1001897,1002088,0,10155169068
869,0,11,164724262906189,164724262906354,164724263833182,165,926828,926993,0,10155169068
870,0,11,164724272807995,164724272808061,164724273146770,66,338709,338775,0,10155169068
871,0,11,164724282836355,164724282836408,164724283107667,53,271259,271312,0,10155169068
872,0,11,164724292871707,164724292871780,164724293164216,73,292436,292509,0,10155169068
873,0,11,164724302857015,164724302857074,164724303136457,59,279383,279442,0,10155169068
874,0,11,164724312821095,164724312821146,164724313101222,51,280076,280127,0,10155169068
875,0,11,164724322841901,164724322841952,164724323056945,51,214993,215044,0,10155169068
876,0,11,164724332859762,164724332859813,164724333138763,51,278950,279001,0,10155169068
877,0,11,164724342886684,164724342886735,164724343180296,51,293561,293612,0,10155169068
878,0,11,164724354107458,164724354107520,164724354417216,62,309696,309758,0,10155169068
879,0,11,164724362782380,164724362782440,164724363172918,60,390478,390538,0,10155169068
880,0,11,164724372788569,164724372788639,164724373653557,70,864918,864988,0,10155169068
881,0,11,164724382835181,164724382835255,164724383125498,74,290243,290317,0,10155169068
882,0,11,164724392857528,164724392857583,164724393140328,55,282745,282800,0,10155169068
883,0,11,164724402892820,164724402892877,164724403188429,57,295552,295609,0,10155169068
884,0,11,164724412862756,164724412862805,164724413175560,49,312755,312804,0,10155169068
885,0,11,164724422860096,164724422860147,164724423151267,51,291120,291171,0,10155169068
886,0,11,164724432863602,164724432863653,164724433149804,51,286151,286202,0,10155169068
887,0,11,164724442888241,164724442888292,164724443168858,51,280566,280617,0,10155169068
888,0,11,164724452863306,164724452863365,164724453144294,59,280929,280988,0,10155169068
889,0,11,164724462889033,164724462889084,164724463183614,51,294530,294581,0,10155169068
890,0,11,164724472855529,164724472855587,164724473135161,58,279574,279632,0,10155169068
891,0,11,164724482890371,164724482890422,164724483258805,51,368383,368434,0,10155169068
892,0,11,164724492886083,164724492886134,164724493283460,51,397326,397377,0,10155169068
893,0,11,164724502888887,164724502888937,164724503263692,50,374755,374805,0,10155169068
894,0,11,164724512887227,164724512887279,164724513218853,52,331574,331626,0,10155169068
895,0,11,164724522887665,164724522887723,164724523214854,58,327131,327189,0,10155169068
896,0,11,164724532889409,164724532889466,164724533257533,57,368067,368124,0,10155169068
897,0,11,164724542889019,164724542889071,164724543254848,52,365777,365829,0,10155169068
898,0,11,164724552890471,164724552890522,164724553269423,51,378901,378952,0,10155169068
899,0,11,164724562865697,164724562865748,164724563195220,51,329472,329523,0,10155169068
900,0,11,164724572854789,164724572854840,164724573172963,51,318123,318174,0,10155169068
901,0,11,164724582828984,164724582829035,164724583119708,51,290673,290724,0,10155169068
902,0,11,164724592887001,164724592887052,164724593287885,51,400833,400884,0,10155169068
903,0,11,164724602888711,164724602888762,164724603257765,51,369003,369054,0,10155169068
904,0,11,164724612889848,164724612889899,164724613320354,51,430455,430506,0,10155169068
905,0,11,164724622891117,164724622891169,164724623242903,52,351734,351786,0,10155169068
906,0,11,164724632889063,164724632889121,164724633715299,58,826178,826236,0,10155169068
907,0,11,164724642952377,164724642952542,164724644426579,165,1474037,1474202,0,10155169068
908,0,11,164724652960472,164724652960638,164724654014325,166,1053687,1053853,0,10155169068
909,0,11,164724662957742,164724662957928,164724664074320,186,1116392,1116578,0,10155169068
910,0,11,164724672866023,164724672866074,164724673291031,51,424957,425008,0,10155169068
911,0,11,164724682854566,164724682854617,164724683268665,51,414048,414099,0,10155169068
912,0,11,164724692890757,164724692890817,164724693529437,60,638620,638680,0,10155169068
913,0,11,164724702963847,164724702964073,164724703966887,226,1002814,1003040,0,10155169068
914,0,11,164724712958987,164724712959153,164724713817302,166,858149,858315,0,10155169068
915,0,11,164724722953346,164724722953516,164724723928586,170,975070,975240,0,10155169068
916,0,11,164724732952706,164724732952891,164724733957464,185,1004573,1004758,0,10155169068
917,0,11,164724742925540,164724742925710,164724743873978,170,948268,948438,0,10155169068
918,0,11,164724752900899,164724752901084,164724753649890,185,748806,748991,0,10155169068
919,0,11,164724762884557,164724762884722,164724763654968,165,770246,770411,0,10155169068
920,0,11,164724772903914,164724772904079,164724774344883,165,1440804,1440969,0,10155169068
921,0,11,164724782823121,164724782823186,164724783284150,65,460964,461029,0,10155169068
922,0,11,164724792844953,164724792845004,164724793239481,51,394477,394528,0,10155169068
923,0,11,164724802890591,164724802890641,164724804403042,50,1512401,1512451,0,10155169068
924,0,11,164724812883332,164724812883492,164724814432477,160,1548985,1549145,0,10155169068
925,0,11,164724822960352,164724822960517,164724824641834,165,1681317,1681482,0,10155169068
926,0,11,164724832934418,164724832934584,164724834931316,166,1996732,1996898,0,10155169068
927,0,11,164724842901143,164724842901353,164724843695594,210,794241,794451,0,10155169068
928,0,11,164724852955014,164724852955199,164724854173022,185,1217823,1218008,0,10155169068
929,0,11,164724862953176,164724862953367,164724864678339,191,1724972,1725163,0,10155169068
930,0,11,164724872960996,164724872961166,164724875030462,170,2069296,2069466,0,10155169068
931,0,11,164724882838260,164724882838345,164724883149602,85,311257,311342,0,10155169068
932,0,11,164724892819917,164724892819961,164724893365027,44,545066,545110,0,10155169068
933,0,11,164724902846676,164724902846727,164724903068079,51,221352,221403,0,10155169068
934,0,11,164724912892139,164724912892191,164724913243976,52,351785,351837,0,10155169068
935,0,11,164724922893969,164724922894049,164724923268847,80,374798,374878,0,10155169068
936,0,11,164724932864511,164724932864564,164724933149696,53,285132,285185,0,10155169068
937,0,11,164724942829056,164724942829107,164724943147245,51,318138,318189,0,10155169068
938,0,11,164724952850444,164724952850495,164724953151569,51,301074,301125,0,10155169068
939,0,11,164724962858801,164724962858852,164724963278144,51,419292,419343,0,10155169068
940,0,11,164724972898667,164724972898724,164724973365167,57,466443,466500,0,10155169068
941,0,11,164724982892697,164724982892748,164724983317307,51,424559,424610,0,10155169068
942,0,11,164724992893684,164724992893742,164724993338040,58,444298,444356,0,10155169068
943,0,11,164725002936087,164725002936162,164725003423693,75,487531,487606,0,10155169068
944,0,11,164725012838507,164725012838560,164725013182326,53,343766,343819,0,10155169068
945,0,11,164725022894413,164725022894463,164725023410658,50,516195,516245,0,10155169068
946,0,11,164725032899438,164725032899518,164725033410209,80,510691,510771,0,10155169068
947,0,11,164725042899974,164725042900029,164725043477324,55,577295,577350,0,10155169068
948,0,11,164725052899242,164725052899309,164725053445140,67,545831,545898,0,10155169068
949,0,11,164725062831674,164725062831732,164725063385732,58,554000,554058,0,10155169068
950,0,11,164725072851445,164725072851506,164725073243191,61,391685,391746,0,10155169068
951,0,11,164725082854297,164725082854348,164725083516353,51,662005,662056,0,10155169068
952,0,11,164725092894195,164725092894246,164725093569308,51,675062,675113,0,10155169068
953,0,11,164725102894847,164725102894898,164725103522378,51,627480,627531,0,10155169068
954,0,11,164725112892421,164725112892478,164725113177644,57,285166,285223,0,10155169068
955,0,11,164725122894031,164725122894082,164725123187726,51,293644,293695,0,10155169068
956,0,11,164725132856886,164725132856937,164725133145783,51,288846,288897,0,10155169068
957,0,11,164725142892041,164725142892092,164725143252440,51,360348,360399,0,10155169068
958,0,11,164725152893772,164725152893823,164725153260010,51,366187,366238,0,10155169068
959,0,11,164725162849295,164725162849357,164725163127029,62,277672,277734,0,10155169068
960,0,11,164725172843965,164725172844016,164725173266831,51,422815,422866,0,10155169068
961,0,11,164725182912591,164725182912648,164725183231163,57,318515,318572,0,10155169068
962,0,11,164725192846838,164725192846888,164725193080627,50,233739,233789,0,10155169068
963,0,11,164725202865553,164725202865606,164725203246018,53,380412,380465,0,10155169068
964,0,11,164725212825327,164725212825378,164725213239121,51,413743,413794,0,10155169068
965,0,11,164725222895862,164725222895922,164725223326755,60,430833,430893,0,10155169068
966,0,11,164725232893610,164725232893661,164725233395984,51,502323,502374,0,10155169068
967,0,11,164725242859445,164725242859495,164725243278161,50,418666,418716,0,10155169068
968,0,11,164725252896479,164725252896538,164725253394962,59,498424,498483,0,10155169068
969,0,11,164725262852114,164725262852165,164725263357769,51,505604,505655,0,10155169068
970,0,11,164725272866433,164725272866483,164725273438305,50,571822,571872,0,10155169068
971,0,11,164725282901683,164725282901734,164725283391731,51,489997,490048,0,10155169068
972,0,11,164725292892881,164725292892940,164725293433928,59,540988,541047,0,10155169068
973,0,11,164725302896460,164725302896519,164725303562815,59,666296,666355,0,10155169068
974,0,11,164725312828810,164725312828862,164725313391659,52,562797,562849,0,10155169068
975,0,11,164725322893821,164725322893872,164725323525937,51,632065,632116,0,10155169068
976,0,11,164725332894265,164725332894315,164725333462878,50,568563,568613,0,10155169068
977,0,11,164725342894898,164725342894950,164725343560962,52,666012,666064,0,10155169068
978,0,11,164725352894746,164725352894797,164725353409091,51,514294,514345,0,10155169068
979,0,11,164725362893651,164725362893708,164725363690598,57,796890,796947,0,10155169068
980,0,11,164725372849664,164725372849717,164725373232027,53,382310,382363,0,10155169068
981,0,11,164725382827291,164725382827363,164725383439162,72,611799,611871,0,10155169068
982,0,11,164725392823193,164725392823247,164725393590183,54,766936,766990,0,10155169068
983,0,11,164725402842306,164725402842371,164725403525303,65,682932,682997,0,10155169068
984,0,11,164725412843074,164725412843125,164725413518470,51,675345,675396,0,10155169068
985,0,11,164725422834298,164725422834349,164725423241672,51,407323,407374,0,10155169068
986,0,11,164725432841770,164725432841820,164725433043769,50,201949,201999,0,10155169068
987,0,11,164725442864722,164725442864773,164725443485259,51,620486,620537,0,10155169068
988,0,11,164725452865683,164725452865742,164725453316306,59,450564,450623,0,10155169068
989,0,11,164725462862569,164725462862627,164725463109680,58,247053,247111,0,10155169068
990,0,11,164725472868282,164725472868342,164725473203765,60,335423,335483,0,10155169068
991,0,11,164725482894673,164725482894726,164725483217376,53,322650,322703,0,10155169068
992,0,11,164725492912641,164725492912698,164725493317706,57,405008,405065,0,10155169068
993,0,11,164725502897913,164725502897970,164725503293004,57,395034,395091,0,10155169068
994,0,11,164725512899146,164725512899197,164725513225942,51,326745,326796,0,10155169068
995,0,11,164725522899349,164725522899400,164725523444366,51,544966,545017,0,10155169068
996,0,11,164725532823507,164725532823558,164725533379814,51,556256,556307,0,10155169068
997,0,11,164725542848626,164725542848683,164725543244580,57,395897,395954,0,10155169068
998,0,11,164725552915872,164725552915962,164725553792943,90,876981,877071,0,10155169068
999,0,11,164725562897684,164725562897772,164725563808208,88,910436,910524,0,10155169068
1000,0,11,164725572858259,164725572858334,164725574006293,75,1147959,1148034,0,10155169068
1001,0,11,164725582913543,164725582913620,164725583431373,77,517753,517830,0,10155169068
1002,0,11,164725592910738,164725592910818,164725593528603,80,617785,617865,0,10155169068
1003,0,11,164725602896962,164725602897020,164725603349700,58,452680,452738,0,10155169068
1004,0,11,164725612896434,164725612896493,164725613359905,59,463412,463471,0,10155169068
1005,0,11,164725622896213,164725622896271,164725623353224,58,456953,457011,0,10155169068
1006,0,11,164725632897696,164725632897748,164725633334858,52,437110,437162,0,10155169068
1007,0,11,164725642898958,164725642899009,164725643304292,51,405283,405334,0,10155169068
1008,0,11,164725652896670,164725652896721,164725653339461,51,442740,442791,0,10155169068
1009,0,11,164725662899338,164725662899397,164725663272138,59,372741,372800,0,10155169068
1010,0,11,164725672904110,164725672904161,164725673368053,51,463892,463943,0,10155169068
1011,0,11,164725682900355,164725682900406,164725683361947,51,461541,461592,0,10155169068
1012,0,11,164725692902122,164725692902173,164725693356119,51,453946,453997,0,10155169068
1013,0,11,164725702848180,164725702848232,164725703442625,52,594393,594445,0,10155169068
1014,0,11,164725712832427,164725712832487,164725713341334,60,508847,508907,0,10155169068
1015,0,11,164725722898653,164725722898704,164725723221928,51,323224,323275,0,10155169068
1016,0,11,164725732847233,164725732847284,164725733153120,51,305836,305887,0,10155169068
1017,0,11,164725742898823,164725742898880,164725743220468,57,321588,321645,0,10155169068
1018,0,11,164725752897798,164725752897857,164725753216398,59,318541,318600,0,10155169068
1019,0,11,164725762901412,164725762901463,164725763389550,51,488087,488138,0,10155169068
1020,0,11,164725772899016,164725772899074,164725773272822,58,373748,373806,0,10155169068
1021,0,11,164725782869931,164725782869982,164725783221631,51,351649,351700,0,10155169068
1022,0,11,164725792896486,164725792896537,164725793252196,51,355659,355710,0,10155169068
1023,0,11,164725802869512,164725802869569,164725803207778,57,338209,338266,0,10155169068
1024,0,11,164725812863652,164725812863703,164725813232259,51,368556,368607,0,10155169068
1025,0,11,164725822898480,164725822898531,164725823523558,51,625027,625078,0,10155169068
1026,0,11,164725832876200,164725832876251,164725833504299,51,628048,628099,0,10155169068
1027,0,11,164725842900940,164725842900991,164725843612992,51,712001,712052,0,10155169068
1028,0,11,164725852865632,164725852865683,164725853276159,51,410476,410527,0,10155169068
1029,0,11,164725862897865,164725862897915,164725863315698,50,417783,417833,0,10155169068
1030,0,11,164725872874434,164725872874493,164725873284978,59,410485,410544,0,10155169068
1031,0,11,164725882899709,164725882899760,164725883319692,51,419932,419983,0,10155169068
1032,0,11,164725892863155,164725892863214,164725893201254,59,338040,338099,0,10155169068
1033,0,11,164725903146785,164725903146841,164725903438715,56,291874,291930,0,10155169068
1034,0,11,164725912837255,164725912837315,164725913249885,60,412570,412630,0,10155169068
1035,0,11,164725922840498,164725922840562,164725923706125,64,865563,865627,0,10155169068
1036,0,11,164725932856876,164725932856941,164725933103927,65,246986,247051,0,10155169068
1037,0,11,164725942898878,164725942898929,164725943314165,51,415236,415287,0,10155169068
1038,0,11,164725952898317,164725952898370,164725953429614,53,531244,531297,0,10155169068
1039,0,11,164725962898391,164725962898448,164725963305764,57,407316,407373,0,10155169068
1040,0,11,164725972897051,164725972897101,164725973274928,50,377827,377877,0,10155169068
1041,0,11,164725982867929,164725982867982,164725983555004,53,687022,687075,0,10155169068
1042,0,11,164725992861595,164725992861652,164725993337893,57,476241,476298,0,10155169068
1043,0,11,164726002932428,164726002932495,164726003729118,67,796623,796690,0,10155169068
1044,0,11,164726012830703,164726012830760,164726013286283,57,455523,455580,0,10155169068
1045,0,11,164726022898296,164726022898347,164726023392978,51,494631,494682,0,10155169068
1046,0,11,164726032901148,164726032901213,164726033421652,65,520439,520504,0,10155169068
1047,0,11,164726042894921,164726042894972,164726043573108,51,678136,678187,0,10155169068
1048,0,11,164726052873216,164726052873267,164726053550043,51,676776,676827,0,10155169068
1049,0,11,164726062835905,164726062835957,164726063184503,52,348546,348598,0,10155169068
1050,0,11,164726072866913,164726072866983,164726073248026,70,381043,381113,0,10155169068
1051,0,11,164726082854011,164726082854064,164726083323267,53,469203,469256,0,10155169068
1052,0,11,164726092902847,164726092902909,164726093425176,62,522267,522329,0,10155169068
1053,0,11,164726102906353,164726102906414,164726103359761,61,453347,453408,0,10155169068
1054,0,11,164726112901444,164726112901503,164726113441278,59,539775,539834,0,10155169068
1055,0,11,164726122907666,164726122907723,164726123360712,57,452989,453046,0,10155169068
1056,0,11,164726132878079,164726132878131,164726133326176,52,448045,448097,0,10155169068
1057,0,11,164726142855764,164726142855817,164726143437762,53,581945,581998,0,10155169068
1058,0,11,164726152855304,164726152855358,164726153075277,54,219919,219973,0,10155169068
1059,0,11,164726162904122,164726162904178,164726163220925,56,316747,316803,0,10155169068
1060,0,11,164726172875975,164726172876031,164726173334243,56,458212,458268,0,10155169068
1061,0,11,164726182906651,164726182906707,164726183638015,56,731308,731364,0,10155169068
1062,0,11,164726192902724,164726192902779,164726193237802,55,335023,335078,0,10155169068
1063,0,11,164726202970213,164726202970379,164726203679993,166,709614,709780,0,10155169068
1064,0,11,164726212903250,164726212903302,164726213504332,52,601030,601082,0,10155169068
1065,0,11,164726222901369,164726222901420,164726223194902,51,293482,293533,0,10155169068
1066,0,11,164726232864741,164726232864792,164726233145344,51,280552,280603,0,10155169068
1067,0,11,164726242901696,164726242901753,164726243183143,57,281390,281447,0,10155169068
1068,0,11,164726252900916,164726252900975,164726253194529,59,293554,293613,0,10155169068
1069,0,11,164726262962308,164726262962474,164726264100206,166,1137732,1137898,0,10155169068
1070,0,11,164726272944263,164726272944434,164726274251719,171,1307285,1307456,0,10155169068
1071,0,11,164726282929656,164726282929821,164726284095929,165,1166108,1166273,0,10155169068
1072,0,11,164726292845801,164726292845867,164726293703880,66,858013,858079,0,10155169068
1073,0,11,164726302852118,164726302852159,164726303614926,41,762767,762808,0,10155169068
1074,0,11,164726312836581,164726312836633,164726313552745,52,716112,716164,0,10155169068
1075,0,11,164726322850843,164726322850914,164726323386065,71,535151,535222,0,10155169068
1076,0,11,164726332902210,164726332902260,164726333426044,50,523784,523834,0,10155169068
1077,0,11,164726342899594,164726342899645,164726343424813,51,525168,525219,0,10155169068
1078,0,11,164726352903216,164726352903267,164726353460537,51,557270,557321,0,10155169068
1079,0,11,164726362871920,164726362871972,164726363437102,52,565130,565182,0,10155169068
1080,0,11,164726372836528,164726372836579,164726373295184,51,458605,458656,0,10155169068
1081,0,11,164726382902265,164726382902315,164726383351742,50,449427,449477,0,10155169068
1082,0,11,164726392902668,164726392902721,164726393250995,53,348274,348327,0,10155169068
1083,0,11,164726402848698,164726402848749,164726403404119,51,555370,555421,0,10155169068
1084,0,11,164726412901023,164726412901082,164726413355992,59,454910,454969,0,10155169068
1085,0,11,164726422900819,164726422900872,164726423588152,53,687280,687333,0,10155169068
1086,0,11,164726432838763,164726432838815,164726433129795,52,290980,291032,0,10155169068
1087,0,11,164726442871016,164726442871083,164726443238956,67,367873,367940,0,10155169068
1088,0,11,164726452861815,164726452861888,164726453120662,73,258774,258847,0,10155169068
1089,0,11,164726462870304,164726462870355,164726463126809,51,256454,256505,0,10155169068
1090,0,11,164726472879515,164726472879572,164726473251431,57,371859,371916,0,10155169068
1091,0,11,164726482903041,164726482903100,164726483327534,59,424434,424493,0,10155169068
1092,0,11,164726492863196,164726492863253,164726493377990,57,514737,514794,0,10155169068
1093,0,11,164726502905828,164726502905888,164726503437278,60,531390,531450,0,10155169068
1094,0,11,164726512903345,164726512903403,164726513490890,58,587487,587545,0,10155169068
1095,0,11,164726522909109,164726522909160,164726523353025,51,443865,443916,0,10155169068
1096,0,11,164726532906925,164726532906975,164726533500449,50,593474,593524,0,10155169068
1097,0,11,164726542907200,164726542907251,164726543534036,51,626785,626836,0,10155169068
1098,0,11,164726552914060,164726552914111,164726553426877,51,512766,512817,0,10155169068
1099,0,11,164726562840163,164726562840214,164726563416557,51,576343,576394,0,10155169068
1100,0,11,164726572876092,164726572876143,164726573521153,51,645010,645061,0,10155169068
1101,0,11,164726582914390,164726582914441,164726583629543,51,715102,715153,0,10155169068
1102,0,11,164726592902979,164726592903036,164726593591681,57,688645,688702,0,10155169068
1103,0,11,164726602903301,164726602903353,164726603202399,52,299046,299098,0,10155169068
1104,0,11,164726612838616,164726612838688,164726613065011,72,226323,226395,0,10155169068
1105,0,11,164726622904409,164726622904467,164726623200762,58,296295,296353,0,10155169068
1106,0,11,164726632903276,164726632903327,164726633180664,51,277337,277388,0,10155169068
1107,0,11,164726642902488,164726642902545,164726643203517,57,300972,301029,0,10155169068
1108,0,11,164726652902653,164726652902711,164726653331470,58,428759,428817,0,10155169068
1109,0,11,164726662903349,164726662903406,164726663165588,57,262182,262239,0,10155169068
1110,0,11,164726672904531,164726672904582,164726673168734,51,264152,264203,0,10155169068
1111,0,11,164726682904428,164726682904479,164726683162749,51,258270,258321,0,10155169068
1112,0,11,164726692873408,164726692873460,164726693188883,52,315423,315475,0,10155169068
1113,0,11,164726702904356,164726702904407,164726703173204,51,268797,268848,0,10155169068
1114,0,11,164726712906061,164726712906120,164726713233102,59,326982,327041,0,10155169068
1115,0,11,164726722874096,164726722874147,164726723306321,51,432174,432225,0,10155169068
1116,0,11,164726732904125,164726732904176,164726733459620,51,555444,555495,0,10155169068
1117,0,11,164726742906866,164726742906926,164726743444893,60,537967,538027,0,10155169068
1118,0,11,164726752884891,164726752884942,164726753776012,51,891070,891121,0,10155169068
1119,0,11,164726762933957,164726762934147,164726764928294,190,1994147,1994337,0,10155169068
1120,0,11,164726772922572,164726772922737,164726773704003,165,781266,781431,0,10155169068
1121,0,11,164726782930682,164726782930848,164726783600881,166,670033,670199,0,10155169068
1122,0,11,164726792958137,164726792958297,164726794307359,160,1349062,1349222,0,10155169068
1123,0,11,164726802911055,164726802911305,164726804859927,250,1948622,1948872,0,10155169068
1124,0,11,164726813022178,164726813022339,164726814327323,161,1304984,1305145,0,10155169068
1125,0,11,164726822920059,164726822920259,164726823324363,200,404104,404304,0,10155169068
1126,0,11,164726832881061,164726832881111,164726833357248,50,476137,476187,0,10155169068
1127,0,11,164726842870848,164726842870898,164726843375382,50,504484,504534,0,10155169068
1128,0,11,164726852906963,164726852907014,164726853678233,51,771219,771270,0,10155169068
1129,0,11,164726862918332,164726862918396,164726863540231,64,621835,621899,0,10155169068
1130,0,11,164726872908581,164726872908632,164726873346742,51,438110,438161,0,10155169068
1131,0,11,164726882905601,164726882905658,164726883343353,57,437695,437752,0,10155169068
1132,0,11,164726892908367,164726892908418,164726893327193,51,418775,418826,0,10155169068
1133,0,11,164726902837924,164726902838001,164726903321896,77,483895,483972,0,10155169068
1134,0,11,164726912843033,164726912843098,164726913361983,65,518885,518950,0,10155169068
1135,0,11,164726922907475,164726922907526,164726923299752,51,392226,392277,0,10155169068
1136,0,11,164726932908902,164726932908959,164726933311117,57,402158,402215,0,10155169068
1137,0,11,164726942849700,164726942849752,164726943299307,52,449555,449607,0,10155169068
1138,0,11,164726952904946,164726952904998,164726953375369,52,470371,470423,0,10155169068
1139,0,11,164726962907302,164726962907353,164726963341220,51,433867,433918,0,10155169068
1140,0,11,164726972907687,164726972907739,164726973375729,52,467990,468042,0,10155169068
1141,0,11,164726982911310,164726982911361,164726983375654,51,464293,464344,0,10155169068
1142,0,11,164726992911689,164726992911742,164726993376747,53,465005,465058,0,10155169068
1143,0,11,164727002841118,164727002841187,164727003315133,69,473946,474015,0,10155169068
1144,0,11,164727012841645,164727012841696,164727013291694,51,449998,450049,0,10155169068
1145,0,11,164727022910686,164727022910735,164727023384530,49,473795,473844,0,10155169068
1146,0,11,164727032907575,164727032907647,164727033412024,72,504377,504449,0,10155169068
1147,0,11,164727042908311,164727042908362,164727043407263,51,498901,498952,0,10155169068
1148,0,11,164727052907807,164727052907864,164727053403900,57,496036,496093,0,10155169068
1149,0,11,164727062843082,164727062843133,164727063381843,51,538710,538761,0,10155169068
1150,0,11,164727072841602,164727072841651,164727073430621,49,588970,589019,0,10155169068
1151,0,11,164727082866467,164727082866539,164727083509922,72,643383,643455,0,10155169068
1152,0,11,164727092874475,164727092874528,164727093197525,53,322997,323050,0,10155169068
1153,0,11,164727102909256,164727102909313,164727103331220,57,421907,421964,0,10155169068
1154,0,11,164727112911179,164727112911238,164727113345693,59,434455,434514,0,10155169068
1155,0,11,164727122909088,164727122909139,164727123331370,51,422231,422282,0,10155169068
1156,0,11,164727132910768,164727132910819,164727133330447,51,419628,419679,0,10155169068
1157,0,11,164727142849898,164727142849949,164727143273577,51,423628,423679,0,10155169068
1158,0,11,164727152875796,164727152875847,164727153217463,51,341616,341667,0,10155169068
1159,0,11,164727162844868,164727162844917,164727163131693,49,286776,286825,0,10155169068
1160,0,11,164727172874468,164727172874520,164727173219927,52,345407,345459,0,10155169068
1161,0,11,164727182910792,164727182910845,164727183261590,53,350745,350798,0,10155169068
1162,0,11,164727192877706,164727192877757,164727193210650,51,332893,332944,0,10155169068
1163,0,11,164727202908514,164727202908565,164727203256886,51,348321,348372,0,10155169068
1164,0,11,164727212912201,164727212912252,164727213260089,51,347837,347888,0,10155169068
1165,0,11,164727222911447,164727222911498,164727223273892,51,362394,362445,0,10155169068
1166,0,11,164727232877812,164727232877863,164727233225674,51,347811,347862,0,10155169068
1167,0,11,164727242862157,164727242862217,164727243112454,60,250237,250297,0,10155169068
1168,0,11,164727252910755,164727252910806,164727253483541,51,572735,572786,0,10155169068
1169,0,11,164727262908672,164727262908723,164727263585536,51,676813,676864,0,10155169068
1170,0,11,164727272911503,164727272911554,164727273640559,51,729005,729056,0,10155169068
1171,0,11,164727282908904,164727282908955,164727283617016,51,708061,708112,0,10155169068
1172,0,11,164727292908547,164727292908604,164727293481840,57,573236,573293,0,10155169068
1173,0,11,164727302908792,164727302908850,164727303193815,58,284965,285023,0,10155169068
1174,0,11,164727312886828,164727312886887,164727313248633,59,361746,361805,0,10155169068
1175,0,11,164727322910737,164727322910796,164727323266489,59,355693,355752,0,10155169068
1176,0,11,164727332909471,164727332909521,164727333257178,50,347657,347707,0,10155169068
1177,0,11,164727342910408,164727342910465,164727343451189,57,540724,540781,0,10155169068
1178,0,11,164727352909241,164727352909292,164727353435780,51,526488,526539,0,10155169068
1179,0,11,164727362917852,164727362917912,164727363480348,60,562436,562496,0,10155169068
1180,0,11,164727372909082,164727372909134,164727373535544,52,626410,626462,0,10155169068
1181,0,11,164727382911770,164727382911831,164727383432877,61,521046,521107,0,10155169068
1182,0,11,164727392910429,164727392910480,164727393513209,51,602729,602780,0,10155169068
1183,0,11,164727402909800,164727402909857,164727403510042,57,600185,600242,0,10155169068
1184,0,11,164727412914191,164727412914248,164727413490412,57,576164,576221,0,10155169068
1185,0,11,164727422920555,164727422920606,164727423381280,51,460674,460725,0,10155169068
1186,0,11,164727432913127,164727432913184,164727433345367,57,432183,432240,0,10155169068
1187,0,11,164727442876045,164727442876096,164727443293394,51,417298,417349,0,10155169068
1188,0,11,164727452851797,164727452851868,164727453266809,71,414941,415012,0,10155169068
1189,0,11,164727462849640,164727462849709,164727463258269,69,408560,408629,0,10155169068
1190,0,11,164727472841691,164727472841771,164727473265854,80,424083,424163,0,10155169068
1191,0,11,164727482854141,164727482854192,164727483278923,51,424731,424782,0,10155169068
1192,0,11,164727492825652,164727492825704,164727493144210,52,318506,318558,0,10155169068
1193,0,11,164727502874509,164727502874561,164727503086913,52,212352,212404,0,10155169068
1194,0,11,164727512876014,164727512876082,164727513265235,68,389153,389221,0,10155169068
1195,0,11,164727522911769,164727522911820,164727523198566,51,286746,286797,0,10155169068
1196,0,11,164727532909681,164727532909731,164727533188695,50,278964,279014,0,10155169068
1197,0,11,164727542846873,164727542846924,164727543343401,51,496477,496528,0,10155169068
1198,0,11,164727552912745,164727552912796,164727553428101,51,515305,515356,0,10155169068
1199,0,11,164727562847325,164727562847376,164727563359710,51,512334,512385,0,10155169068
1200,0,11,164727572843765,164727572843818,164727573335966,53,492148,492201,0,10155169068
1201,0,11,164727582922725,164727582922784,164727583223186,59,300402,300461,0,10155169068
1202,0,11,164727592912680,164727592912731,164727593211934,51,299203,299254,0,10155169068
1203,0,11,164727602919788,164727602919854,164727603748242,66,828388,828454,0,10155169068
1204,0,11,164727612947553,164727612947655,164727613932467,102,984812,984914,0,10155169068
1205,0,11,164727622950142,164727622950256,164727623970544,114,1020288,1020402,0,10155169068
1206,0,11,164727632947414,164727632947515,164727633706746,101,759231,759332,0,10155169068
1207,0,11,164727642881341,164727642881392,164727643428122,51,546730,546781,0,10155169068
1208,0,11,164727652910947,164727652910998,164727653490938,51,579940,579991,0,10155169068
1209,0,11,164727662872179,164727662872253,164727663442621,74,570368,570442,0,10155169068
1210,0,11,164727672913678,164727672913728,164727673339188,50,425460,425510,0,10155169068
1211,0,11,164727682859097,164727682859180,164727683407901,83,548721,548804,0,10155169068
1212,0,11,164727692912745,164727692912797,164727693498627,52,585830,585882,0,10155169068
1213,0,11,164727702861279,164727702861329,164727703257808,50,396479,396529,0,10155169068
1214,0,11,164727712886620,164727712886671,164727713253513,51,366842,366893,0,10155169068
1215,0,11,164727722913579,164727722913630,164727723359035,51,445405,445456,0,10155169068
1216,0,11,164727732859879,164727732859931,164727733465681,52,605750,605802,0,10155169068
1217,0,11,164727742878176,164727742878228,164727743515954,52,637726,637778,0,10155169068
1218,0,11,164727752986676,164727752986856,164727754019268,180,1032412,1032592,0,10155169068
1219,0,11,164727762911020,164727762911071,164727763474648,51,563577,563628,0,10155169068
1220,0,11,164727772954965,164727772955150,164727774364497,185,1409347,1409532,0,10155169068
1221,0,11,164727782883385,164727782883436,164727783205200,51,321764,321815,0,10155169068
1222,0,11,164727792913156,164727792913209,164727793209571,53,296362,296415,0,10155169068
1223,0,11,164727802878093,164727802878144,164727803211300,51,333156,333207,0,10155169068
1224,0,11,164727812860489,164727812860539,164727813106058,50,245519,245569,0,10155169068
1225,0,11,164727822914574,164727822914631,164727823344994,57,430363,430420,0,10155169068
1226,0,11,164727832910943,164727832910996,164727833175397,53,264401,264454,0,10155169068
1227,0,11,164727842984589,164727842984754,164727844423303,165,1438549,1438714,0,10155169068
1228,0,11,164727852944207,164727852944372,164727854410440,165,1466068,1466233,0,10155169068
1229,0,11,164727862984346,164727862984511,164727864489454,165,1504943,1505108,0,10155169068
1230,0,11,164727872922560,164727872922750,164727874392436,190,1469686,1469876,0,10155169068
1231,0,11,164727882874313,164727882874370,164727883243155,57,368785,368842,0,10155169068
1232,0,11,164727892852141,164727892852226,164727893278767,85,426541,426626,0,10155169068
1233,0,11,164727902912945,164727902912997,164727903312986,52,399989,400041,0,10155169068
1234,0,11,164727912868432,164727912868490,164727913239149,58,370659,370717,0,10155169068
1235,0,11,164727922912776,164727922912834,164727923344655,58,431821,431879,0,10155169068
1236,0,11,164727932976228,164727932976398,164727934437825,170,1461427,1461597,0,10155169068
1237,0,11,164727942982875,164727942983040,164727944867167,165,1884127,1884292,0,10155169068
1238,0,11,164727952874871,164727952874922,164727954803922,51,1929000,1929051,0,10155169068
1239,0,11,164727962914305,164727962914358,164727964464757,53,1550399,1550452,0,10155169068
1240,0,11,164727972983471,164727972983636,164727974447564,165,1463928,1464093,0,10155169068
1241,0,11,164727982897207,164727982897433,164727983842172,226,944739,944965,0,10155169068
1242,0,11,164727992918894,164727992919064,164727993789787,170,870723,870893,0,10155169068
1243,0,11,164728003741752,164728003741988,164728006372219,236,2630231,2630467,0,10155169068
1244,0,11,164728013016398,164728013016563,164728016259539,165,3242976,3243141,0,10155169068
1245,0,11,164728022885060,164728022885225,164728024944217,165,2058992,2059157,0,10155169068
1246,0,11,164728032926974,164728032927184,164728034173367,210,1246183,1246393,0,10155169068
1247,0,11,164728042985937,164728042986127,164728044254397,190,1268270,1268460,0,10155169068
1248,0,11,164728052889850,164728052889901,164728053417282,51,527381,527432,0,10155169068
1249,0,11,164728062899134,164728062899191,164728063428170,57,528979,529036,0,10155169068
1250,0,11,164728072878375,164728072878426,164728073378041,51,499615,499666,0,10155169068
1251,0,11,164728082918094,164728082918153,164728083450016,59,531863,531922,0,10155169068
1252,0,11,164728092862936,164728092863004,164728093421090,68,558086,558154,0,10155169068
1253,0,11,164728102917035,164728102917086,164728103429807,51,512721,512772,0,10155169068
1254,0,11,164728112866248,164728112866305,164728113380525,57,514220,514277,0,10155169068
1255,0,11,164728122873246,164728122873303,164728123536878,57,663575,663632,0,10155169068
1256,0,11,164728132915621,164728132915672,164728133337855,51,422183,422234,0,10155169068
1257,0,11,164728142917669,164728142917726,164728143322615,57,404889,404946,0,10155169068
1258,0,11,164728152888814,164728152888865,164728153455327,51,566462,566513,0,10155169068
1259,0,11,164728162881523,164728162881582,164728163556033,59,674451,674510,0,10155169068
1260,0,11,164728172896412,164728172896463,164728173609266,51,712803,712854,0,10155169068
1261,0,11,164728182915837,164728182915894,164728183632116,57,716222,716279,0,10155169068
1262,0,11,164728192915300,164728192915351,164728193607001,51,691650,691701,0,10155169068
1263,0,11,164728202917340,164728202917392,164728203599943,52,682551,682603,0,10155169068
1264,0,11,164728212866042,164728212866092,164728213435777,50,569685,569735,0,10155169068
1265,0,11,164728222916985,164728222917036,164728223627953,51,710917,710968,0,10155169068
1266,0,11,164728232871851,164728232871910,164728233313957,59,442047,442106,0,10155169068
1267,0,11,164728242886215,164728242886265,164728243403117,50,516852,516902,0,10155169068
1268,0,11,164728252917442,164728252917499,164728253218098,57,300599,300656,0,10155169068
1269,0,11,164728262915403,164728262915462,164728263211029,59,295567,295626,0,10155169068
1270,0,11,164728272920800,164728272920851,164728273203488,51,282637,282688,0,10155169068
1271,0,11,164728282923567,164728282923618,164728283206654,51,283036,283087,0,10155169068
1272,0,11,164728292881713,164728292881771,164728293162798,58,281027,281085,0,10155169068
1273,0,11,164728302883873,164728302883925,164728303184006,52,300081,300133,0,10155169068
1274,0,11,164728312852315,164728312852370,164728313162919,55,310549,310604,0,10155169068
1275,0,11,164728322829268,164728322829317,164728323310508,49,481191,481240,0,10155169068
1276,0,11,164728332883823,164728332883902,164728333623607,79,739705,739784,0,10155169068
1277,0,11,164728342917100,164728342917158,164728343356495,58,439337,439395,0,10155169068
1278,0,11,164728352875127,164728352875178,164728353230173,51,354995,355046,0,10155169068
1279,0,11,164728362886491,164728362886542,164728363409961,51,523419,523470,0,10155169068
1280,0,11,164728372917996,164728372918047,164728373392437,51,474390,474441,0,10155169068
1281,0,11,164728382853970,164728382854021,164728383240114,51,386093,386144,0,10155169068
1282,0,11,164728392917329,164728392917380,164728393306261,51,388881,388932,0,10155169068
1283,0,11,164728402917290,164728402917341,164728403300834,51,383493,383544,0,10155169068
1284,0,11,164728412915750,164728412915803,164728413367966,53,452163,452216,0,10155169068
1285,0,11,164728422918951,164728422919004,164728423305596,53,386592,386645,0,10155169068
1286,0,11,164728432916616,164728432916667,164728433369105,51,452438,452489,0,10155169068
1287,0,11,164728442918118,164728442918168,164728443367188,50,449020,449070,0,10155169068
1288,0,11,164728452917855,164728452917914,164728453378870,59,460956,461015,0,10155169068
1289,0,11,164728462916086,164728462916137,164728463242035,51,325898,325949,0,10155169068
1290,0,11,164728472877835,164728472877913,164728473235537,78,357624,357702,0,10155169068
1291,0,11,164728482848964,164728482849024,164728483293134,60,444110,444170,0,10155169068
1292,0,11,164728492854283,164728492854357,164728493626872,74,772515,772589,0,10155169068
1293,0,11,164728502868918,164728502868998,164728503597129,80,728131,728211,0,10155169068
1294,0,11,164728512849336,164728512849398,164728513396477,62,547079,547141,0,10155169068
1295,0,11,164728522915630,164728522915681,164728523347261,51,431580,431631,0,10155169068
1296,0,11,164728532887808,164728532887859,164728533430085,51,542226,542277,0,10155169068
1297,0,11,164728542918850,164728542918901,164728543484956,51,566055,566106,0,10155169068
1298,0,11,164728552893149,164728552893199,164728553431948,50,538749,538799,0,10155169068
1299,0,11,164728562849112,164728562849166,164728563257299,54,408133,408187,0,10155169068
1300,0,11,164728572870665,164728572870716,164728573326828,51,456112,456163,0,10155169068
1301,0,11,164728582922738,164728582922809,164728583556928,71,634119,634190,0,10155169068
1302,0,11,164728592873347,164728592873400,164728593094464,53,221064,221117,0,10155169068
1303,0,11,164728602918137,164728602918189,164728603279551,52,361362,361414,0,10155169068
1304,0,11,164728612888150,164728612888208,164728613171992,58,283784,283842,0,10155169068
1305,0,11,164728622918003,164728622918062,164728623206017,59,287955,288014,0,10155169068
1306,0,11,164728632920100,164728632920151,164728633421693,51,501542,501593,0,10155169068
1307,0,11,164728642919752,164728642919803,164728643304242,51,384439,384490,0,10155169068
1308,0,11,164728652941218,164728652941305,164728653363094,87,421789,421876,0,10155169068
1309,0,11,164728662863972,164728662864061,164728663520878,89,656817,656906,0,10155169068
1310,0,11,164728672917463,164728672917514,164728673444842,51,527328,527379,0,10155169068
1311,0,11,164728682918728,164728682918785,164728683455993,57,537208,537265,0,10155169068
1312,0,11,164728692917567,164728692917618,164728693386170,51,468552,468603,0,10155169068
1313,0,11,164728702920069,164728702920120,164728703465259,51,545139,545190,0,10155169068
1314,0,11,164728712922928,164728712922978,164728713347920,50,424942,424992,0,10155169068
1315,0,11,164728722923249,164728722923306,164728723304195,57,380889,380946,0,10155169068
1316,0,11,164728732948220,164728732948324,164728733814249,104,865925,866029,0,10155169068
1317,0,11,164728742981525,164728742981696,164728743928620,171,946924,947095,0,10155169068
1318,0,11,164728752957265,164728752957436,164728753859506,171,902070,902241,0,10155169068
1319,0,11,164728762988775,164728762988945,164728763865707,170,876762,876932,0,10155169068
1320,0,11,164728772989288,164728772989453,164728774014449,165,1024996,1025161,0,10155169068
1321,0,11,164728782921162,164728782921221,164728783281041,59,359820,359879,0,10155169068
1322,0,11,164728792921490,164728792921541,164728793335727,51,414186,414237,0,10155169068
1323,0,11,164728802921158,164728802921209,164728803302863,51,381654,381705,0,10155169068
1324,0,11,164728812870476,164728812870537,164728813091909,61,221372,221433,0,10155169068
1325,0,11,164728822919888,164728822919939,164728823376639,51,456700,456751,0,10155169068
1326,0,11,164728832920606,164728832920663,164728833238133,57,317470,317527,0,10155169068
1327,0,11,164728842921067,164728842921118,164728843235661,51,314543,314594,0,10155169068
1328,0,11,164728852921588,164728852921639,164728853475741,51,554102,554153,0,10155169068
1329,0,11,164728862921041,164728862921094,164728863342167,53,421073,421126,0,10155169068
1330,0,11,164728872858917,164728872858974,164728873146411,57,287437,287494,0,10155169068
1331,0,11,164728882889514,164728882889564,164728883545953,50,656389,656439,0,10155169068
1332,0,11,164728892921608,164728892921659,164728893494898,51,573239,573290,0,10155169068
1333,0,11,164728902877968,164728902878016,164728903158730,48,280714,280762,0,10155169068
1334,0,11,164728912921379,164728912921430,164728913257061,51,335631,335682,0,10155169068
1335,0,11,164728922921963,164728922922014,164728923259011,51,336997,337048,0,10155169068
1336,0,11,164728932921506,164728932921557,164728933325848,51,404291,404342,0,10155169068
1337,0,11,164728942855476,164728942855528,164728943283051,52,427523,427575,0,10155169068
1338,0,11,164728952854537,164728952854594,164728953480444,57,625850,625907,0,10155169068
1339,0,11,164728962865124,164728962865181,164728963425518,57,560337,560394,0,10155169068
1340,0,11,164728972921259,164728972921318,164728973375096,59,453778,453837,0,10155169068
1341,0,11,164728982923689,164728982923742,164728983484130,53,560388,560441,0,10155169068
1342,0,11,164728992922954,164728992923005,164728993603243,51,680238,680289,0,10155169068
1343,0,11,164729004425182,164729004425260,164729005018530,78,593270,593348,0,10155169068
1344,0,11,164729012863646,164729012863702,164729013278575,56,414873,414929,0,10155169068
1345,0,11,164729022869889,164729022869951,164729023194002,62,324051,324113,0,10155169068
1346,0,11,164729032886820,164729032886871,164729033170232,51,283361,283412,0,10155169068
1347,0,11,164729042920693,164729042920744,164729043278413,51,357669,357720,0,10155169068
1348,0,11,164729052897618,164729052897669,164729053246923,51,349254,349305,0,10155169068
1349,0,11,164729062905341,164729062905391,164729063313059,50,407668,407718,0,10155169068
1350,0,11,164729072852138,164729072852190,164729073199813,52,347623,347675,0,10155169068
1351,0,11,164729082886116,164729082886167,164729083278569,51,392402,392453,0,10155169068
1352,0,11,164729092921572,164729092921624,164729093440558,52,518934,518986,0,10155169068
1353,0,11,164729102921212,164729102921263,164729103474668,51,553405,553456,0,10155169068
1354,0,11,164729112920921,164729112920972,164729113248988,51,328016,328067,0,10155169068
1355,0,11,164729122922879,164729122922932,164729123245512,53,322580,322633,0,10155169068
1356,0,11,164729132923661,164729132923718,164729133325063,57,401345,401402,0,10155169068
1357,0,11,164729142925935,164729142925986,164729143326166,51,400180,400231,0,10155169068
1358,0,11,164729152921481,164729152921538,164729153434300,57,512762,512819,0,10155169068
1359,0,11,164729162867281,164729162867334,164729163248485,53,381151,381204,0,10155169068
1360,0,11,164729172893084,164729172893136,164729173167692,52,274556,274608,0,10155169068
1361,0,11,164729182921599,164729182921656,164729183209927,57,288271,288328,0,10155169068
1362,0,11,164729192868569,164729192868621,164729193139714,52,271093,271145,0,10155169068
1363,0,11,164729202923315,164729202923374,164729203350641,59,427267,427326,0,10155169068
1364,0,11,164729212894806,164729212894863,164729213367628,57,472765,472822,0,10155169068
1365,0,11,164729222922571,164729222922628,164729223456347,57,533719,533776,0,10155169068
1366,0,11,164729232926011,164729232926062,164729233444889,51,518827,518878,0,10155169068
1367,0,11,164729242926523,164729242926580,164729243448230,57,521650,521707,0,10155169068
1368,0,11,164729252924837,164729252924895,164729253587790,58,662895,662953,0,10155169068
1369,0,11,164729262924595,164729262924646,164729263443733,51,519087,519138,0,10155169068
1370,0,11,164729272924969,164729272925020,164729273428118,51,503098,503149,0,10155169068
1371,0,11,164729282924378,164729282924429,164729283438515,51,514086,514137,0,10155169068
1372,0,11,164729292923138,164729292923197,164729294241367,59,1318170,1318229,0,10155169068
1373,0,11,164729302993616,164729302993782,164729304890272,166,1896490,1896656,0,10155169068
1374,0,11,164729312914199,164729312914399,164729314887928,200,1973529,1973729,0,10155169068
1375,0,11,164729322929095,164729322929285,164729324694567,190,1765282,1765472,0,10155169068
1376,0,11,164729332955212,164729332955508,164729334262472,296,1306964,1307260,0,10155169068
1377,0,11,164729342935653,164729342935838,164729343583444,185,647606,647791,0,10155169068
1378,0,11,164729352993965,164729352994150,164729354536269,185,1542119,1542304,0,10155169068
1379,0,11,164729362999524,164729362999709,164729364742960,185,1743251,1743436,0,10155169068
1380,0,11,164729372992349,164729372992534,164729374683067,185,1690533,1690718,0,10155169068
1381,0,11,164729383002344,164729383002395,164729383591858,51,589463,589514,0,10155169068
1382,0,11,164729392925937,164729392925994,164729393469383,57,543389,543446,0,10155169068
1383,0,11,164729402888121,164729402888172,164729403893312,51,1005140,1005191,0,10155169068
1384,0,11,164729412969877,164729412970043,164729415123158,166,2153115,2153281,0,10155169068
1385,0,11,164729422942736,164729422942902,164729424487697,166,1544795,1544961,0,10155169068
1386,0,11,164729432963250,164729432963420,164729434525075,170,1561655,1561825,0,10155169068
1387,0,11,164729442986481,164729442986666,164729444589651,185,1602985,1603170,0,10155169068
1388,0,11,164729452984141,164729452984327,164729454447353,186,1463026,1463212,0,10155169068
1389,0,11,164729462900119,164729462900289,164729463783085,170,882796,882966,0,10155169068
1390,0,11,164729472984415,164729472984606,164729474050165,191,1065559,1065750,0,10155169068
1391,0,11,164729482990265,164729482990451,164729484112096,186,1121645,1121831,0,10155169068
1392,0,11,164729492963354,164729492963520,164729494076720,166,1113200,1113366,0,10155169068
1393,0,11,164729502863736,164729502863821,164729503596069,85,732248,732333,0,10155169068
1394,0,11,164729512899034,164729512899086,164729513260970,52,361884,361936,0,10155169068
1395,0,11,164729522926773,164729522926824,164729524522161,51,1595337,1595388,0,10155169068
1396,0,11,164729532879986,164729532880075,164729533713382,89,833307,833396,0,10155169068
1397,0,11,164729542864613,164729542864691,164729543394634,78,529943,530021,0,10155169068
1398,0,11,164729554025503,164729554025558,164729554570511,55,544953,545008,0,10155169068
1399,0,11,164729562855387,164729562855432,164729563225755,45,370323,370368,0,10155169068
1400,0,11,164729572850416,164729572850468,164729573152101,52,301633,301685,0,10155169068
1401,0,11,164729582898633,164729582898685,164729583343948,52,445263,445315,0,10155169068
1402,0,11,164729592928252,164729592928305,164729593274843,53,346538,346591,0,10155169068
1403,0,11,164729602885139,164729602885209,164729603174524,70,289315,289385,0,10155169068
1404,0,11,164729612880626,164729612880685,164729613155819,59,275134,275193,0,10155169068
1405,0,11,164729622928221,164729622928273,164729623288732,52,360459,360511,0,10155169068
1406,0,11,164729632926868,164729632926919,164729633273721,51,346802,346853,0,10155169068
1407,0,11,164729642927398,164729642927455,164729643299060,57,371605,371662,0,10155169068
1408,0,11,164729652892443,164729652892494,164729653253034,51,360540,360591,0,10155169068
1409,0,11,164729662928065,164729662928122,164729663303972,57,375850,375907,0,10155169068
1410,0,11,164729672896220,164729672896271,164729673266639,51,370368,370419,0,10155169068
1411,0,11,164729682927310,164729682927361,164729683295948,51,368587,368638,0,10155169068
1412,0,11,164729692926921,164729692926979,164729693267853,58,340874,340932,0,10155169068
1413,0,11,164729702906397,164729702906455,164729703329328,58,422873,422931,0,10155169068
1414,0,11,164729712925797,164729712925848,164729713371572,51,445724,445775,0,10155169068
1415,0,11,164729722858052,164729722858103,164729723229569,51,371466,371517,0,10155169068
1416,0,11,164729732917224,164729732917295,164729733439643,71,522348,522419,0,10155169068
1417,0,11,164729742926667,164729742926726,164729743508087,59,581361,581420,0,10155169068
1418,0,11,164729752920526,164729752920577,164729753554243,51,633666,633717,0,10155169068
1419,0,11,164729762925929,164729762925986,164729763440589,57,514603,514660,0,10155169068
1420,0,11,164729772926478,164729772926529,164729773469029,51,542500,542551,0,10155169068
1421,0,11,164729782929821,164729782929872,164729783521329,51,591457,591508,0,10155169068
1422,0,11,164729792887969,164729792888020,164729793456802,51,568782,568833,0,10155169068
1423,0,11,164729802929795,164729802929846,164729803382692,51,452846,452897,0,10155169068
1424,0,11,164729812898982,164729812899039,164729813510516,57,611477,611534,0,10155169068
1425,0,11,164729822926346,164729822926406,164729823550105,60,623699,623759,0,10155169068
1426,0,11,164729832932735,164729832932785,164729833552117,50,619332,619382,0,10155169068
1427,0,11,164729842929585,164729842929642,164729843520226,57,590584,590641,0,10155169068
1428,0,11,164729852928441,164729852928493,164729853645007,52,716514,716566,0,10155169068
1429,0,11,164729862926974,164729862927034,164729863285336,60,358302,358362,0,10155169068
1430,0,11,164729872926079,164729872926130,164729873282826,51,356696,356747,0,10155169068
1431,0,11,164729882929499,164729882929556,164729883295993,57,366437,366494,0,10155169068
1432,0,11,164729892912158,164729892912209,164729893273055,51,360846,360897,0,10155169068
1433,0,11,164729902927936,164729902927988,164729903284952,52,356964,357016,0,10155169068
1434,0,11,164729912926881,164729912926932,164729913285957,51,359025,359076,0,10155169068
1435,0,11,164729922928220,164729922928279,164729923286358,59,358079,358138,0,10155169068
1436,0,11,164729932931419,164729932931471,164729933290002,52,358531,358583,0,10155169068
1437,0,11,164729942931886,164729942931937,164729943291057,51,359120,359171,0,10155169068
1438,0,11,164729952927728,164729952927779,164729953281061,51,353282,353333,0,10155169068
1439,0,11,164729962929088,164729962929145,164729963293212,57,364067,364124,0,10155169068
1440,0,11,164729972929638,164729972929695,164729973289676,57,359981,360038,0,10155169068
1441,0,11,164729982930588,164729982930638,164729983290010,50,359372,359422,0,10155169068
1442,0,11,164729992934524,164729992934575,164729993286933,51,352358,352409,0,10155169068
1443,0,11,164730002860981,164730002861037,164730003193815,56,332778,332834,0,10155169068
1444,0,11,164730012891660,164730012891719,164730013226412,59,334693,334752,0,10155169068
1445,0,11,164730022937005,164730022937062,164730023284591,57,347529,347586,0,10155169068
1446,0,11,164730032931901,164730032931967,164730033541100,66,609133,609199,0,10155169068
1447,0,11,164730042932208,164730042932265,164730043304155,57,371890,371947,0,10155169068
1448,0,11,164730052926160,164730052926220,164730053593160,60,666940,667000,0,10155169068
1449,0,11,164730062863888,164730062863941,164730063480186,53,616245,616298,0,10155169068
1450,0,11,164730072881029,164730072881079,164730073500107,50,619028,619078,0,10155169068
1451,0,11,164730082896863,164730082896914,164730083314374,51,417460,417511,0,10155169068
1452,0,11,164730092940171,164730092940233,164730093351216,62,410983,411045,0,10155169068
1453,0,11,164730102861843,164730102861888,164730103216840,45,354952,354997,0,10155169068
1454,0,11,164730112933653,164730112933738,164730113348392,85,414654,414739,0,10155169068
1455,0,11,164730122928125,164730122928177,164730123228856,52,300679,300731,0,10155169068
1456,0,11,164730132931861,164730132931912,164730133329762,51,397850,397901,0,10155169068
1457,0,11,164730142930337,164730142930396,164730143546561,59,616165,616224,0,10155169068
1458,0,11,164730152907942,164730152907995,164730153209478,53,301483,301536,0,10155169068
1459,0,11,164730162928111,164730162928164,164730163228042,53,299878,299931,0,10155169068
1460,0,11,164730172931246,164730172931297,164730173228554,51,297257,297308,0,10155169068
1461,0,11,164730182896943,164730182896994,164730183187219,51,290225,290276,0,10155169068
1462,0,11,164730192930119,164730192930172,164730193367616,53,437444,437497,0,10155169068
1463,0,11,164730202928855,164730202928907,164730203380343,52,451436,451488,0,10155169068
1464,0,11,164730212932048,164730212932099,164730213213670,51,281571,281622,0,10155169068
1465,0,11,164730222878532,164730222878585,164730223294584,53,415999,416052,0,10155169068
1466,0,11,164730232930409,164730232930460,164730233435039,51,504579,504630,0,10155169068
1467,0,11,164730242932608,164730242932666,164730243410142,58,477476,477534,0,10155169068
1468,0,11,164730252881628,164730252881682,164730253380022,54,498340,498394,0,10155169068
1469,0,11,164730262932551,164730262932602,164730263215516,51,282914,282965,0,10155169068
1470,0,11,164730272929088,164730272929140,164730273365112,52,435972,436024,0,10155169068
1471,0,11,164730282877130,164730282877179,164730283367849,49,490670,490719,0,10155169068
1472,0,11,164730292890971,164730292891022,164730293338425,51,447403,447454,0,10155169068
1473,0,11,164730302866867,164730302866921,164730303532200,54,665279,665333,0,10155169068
1474,0,11,164730313591008,164730313591072,164730314514149,64,923077,923141,0,10155169068
1475,0,11,164730322881811,164730322881881,164730323292643,70,410762,410832,0,10155169068
1476,0,11,164730332888812,164730332888891,164730333380513,79,491622,491701,0,10155169068
1477,0,11,164730342829575,164730342829616,164730343205070,41,375454,375495,0,10155169068
1478,0,11,164730352890936,164730352891013,164730353176363,77,285350,285427,0,10155169068
1479,0,11,164730362969776,164730362969827,164730363379441,51,409614,409665,0,10155169068
1480,0,11,164730372900812,164730372900869,164730373293111,57,392242,392299,0,10155169068
1481,0,11,164730382935142,164730382935193,164730383455188,51,519995,520046,0,10155169068
1482,0,11,164730392932863,164730392932914,164730393295574,51,362660,362711,0,10155169068
1483,0,11,164730402920443,164730402920512,164730403376636,69,456124,456193,0,10155169068
1484,0,11,164730412903622,164730412903679,164730413316025,57,412346,412403,0,10155169068
1485,0,11,164730422905469,164730422905519,164730423307730,50,402211,402261,0,10155169068
1486,0,11,164730432932967,164730432933018,164730433359149,51,426131,426182,0,10155169068
1487,0,11,164730442935015,164730442935072,164730443389961,57,454889,454946,0,10155169068
1488,0,11,164730452897157,164730452897208,164730453369279,51,472071,472122,0,10155169068
1489,0,11,164730462837216,164730462837267,164730463223245,51,385978,386029,0,10155169068
1490,0,11,164730472882451,164730472882508,164730473129844,57,247336,247393,0,10155169068
1491,0,11,164730482933930,164730482933981,164730483418841,51,484860,484911,0,10155169068
1492,0,11,164730492908685,164730492908745,164730493280261,60,371516,371576,0,10155169068
1493,0,11,164730502933411,164730502933469,164730503499628,58,566159,566217,0,10155169068
1494,0,11,164730512864144,164730512864196,164730513376473,52,512277,512329,0,10155169068
1495,0,11,164730522941937,164730522941990,164730523393381,53,451391,451444,0,10155169068
1496,0,11,164730532931830,164730532931888,164730533428794,58,496906,496964,0,10155169068
1497,0,11,164730542868392,164730542868445,164730543339370,53,470925,470978,0,10155169068
1498,0,11,164730552932810,164730552932861,164730553373550,51,440689,440740,0,10155169068
1499,0,11,164730562870407,164730562870484,164730563276832,77,406348,406425,0,10155169068
1500,0,11,164730572846504,164730572846572,164730573420546,68,573974,574042,0,10155169068
1501,0,11,164730582865285,164730582865349,164730583407723,64,542374,542438,0,10155169068
1502,0,11,164730592886548,164730592886600,164730593274948,52,388348,388400,0,10155169068
1503,0,11,164730602932531,164730602932581,164730603219641,50,287060,287110,0,10155169068
1504,0,11,164730612884220,164730612884271,164730613113990,51,229719,229770,0,10155169068
1505,0,11,164730622931157,164730622931214,164730623215357,57,284143,284200,0,10155169068
1506,0,11,164730632903729,164730632903780,164730633221240,51,317460,317511,0,10155169068
1507,0,11,164730642898458,164730642898509,164730643393496,51,494987,495038,0,10155169068
1508,0,11,164730652937513,164730652937571,164730653463048,58,525477,525535,0,10155169068
1509,0,11,164730662893380,164730662893432,164730663425379,52,531947,531999,0,10155169068
1510,0,11,164730672933538,164730672933590,164730673377931,52,444341,444393,0,10155169068
1511,0,11,164730682934327,164730682934386,164730683462374,59,527988,528047,0,10155169068
1512,0,11,164730692933351,164730692933403,164730693476498,52,543095,543147,0,10155169068
1513,0,11,164730702888634,164730702888691,164730703464504,57,575813,575870,0,10155169068
1514,0,11,164730712935706,164730712935757,164730713443450,51,507693,507744,0,10155169068
1515,0,11,164730722932388,164730722932439,164730723465223,51,532784,532835,0,10155169068
1516,0,11,164730732892391,164730732892442,164730733235060,51,342618,342669,0,10155169068
1517,0,11,164730742932897,164730742932947,164730743427945,50,494998,495048,0,10155169068
1518,0,11,164730752899171,164730752899224,164730753874789,53,975565,975618,0,10155169068
1519,0,11,164730762999893,164730763000058,164730764487050,165,1486992,1487157,0,10155169068
1520,0,11,164730773006269,164730773006435,164730774422993,166,1416558,1416724,0,10155169068
1521,0,11,164730782945440,164730782945605,164730784389286,165,1443681,1443846,0,10155169068
1522,0,11,164730793005295,164730793005460,164730794448139,165,1442679,1442844,0,10155169068
1523,0,11,164730803004630,164730803004795,164730804441390,165,1436595,1436760,0,10155169068
1524,0,11,164730812930389,164730812930550,164730814307456,161,1376906,1377067,0,10155169068
1525,0,11,164730822935165,164730822935222,164730823413631,57,478409,478466,0,10155169068
1526,0,11,164730832937330,164730832937382,164730833509763,52,572381,572433,0,10155169068
1527,0,11,164730842935954,164730842936011,164730843352119,57,416108,416165,0,10155169068
1528,0,11,164730852936088,164730852936145,164730853786785,57,850640,850697,0,10155169068
1529,0,11,164730863004794,164730863004960,164730864761446,166,1756486,1756652,0,10155169068
1530,0,11,164730872900295,164730872900363,164730873570129,68,669766,669834,0,10155169068
1531,0,11,164730882891848,164730882891899,164730883612166,51,720267,720318,0,10155169068
1532,0,11,164730892936077,164730892936134,164730893239892,57,303758,303815,0,10155169068
1533,0,11,164730902935134,164730902935187,164730903241490,53,306303,306356,0,10155169068
1534,0,11,164730912939344,164730912939396,164730913234071,52,294675,294727,0,10155169068
1535,0,11,164730922907350,164730922907403,164730923460334,53,552931,552984,0,10155169068
1536,0,11,164730932936788,164730932936845,164730933516761,57,579916,579973,0,10155169068
1537,0,11,164730942998757,164730942998928,164730943803061,171,804133,804304,0,10155169068
1538,0,11,164730952918999,164730952919214,164730953829695,215,910481,910696,0,10155169068
1539,0,11,164730963004935,164730963005100,164730963800664,165,795564,795729,0,10155169068
1540,0,11,164730972925354,164730972925475,164730973474137,121,548662,548783,0,10155169068
1541,0,11,164730982931972,164730982932093,164730983757326,121,825233,825354,0,10155169068
1542,0,11,164730992979262,164730992979382,164730993542631,120,563249,563369,0,10155169068
1543,0,11,164731002953953,164731002954134,164731003675974,181,721840,722021,0,10155169068
1544,0,11,164731012903269,164731012903389,164731013602774,120,699385,699505,0,10155169068
1545,0,11,164731022889705,164731022889758,164731023415216,53,525458,525511,0,10155169068
1546,0,11,164731032868661,164731032868717,164731033339859,56,471142,471198,0,10155169068
1547,0,11,164731042886258,164731042886310,164731043442498,52,556188,556240,0,10155169068
1548,0,11,164731052892965,164731052893016,164731053158001,51,264985,265036,0,10155169068
1549,0,11,164731062875128,164731062875178,164731063375177,50,499999,500049,0,10155169068
1550,0,11,164731072909693,164731072909750,164731073389413,57,479663,479720,0,10155169068
1551,0,11,164731082893123,164731082893179,164731083319254,56,426075,426131,0,10155169068
1552,0,11,164731092890325,164731092890378,164731093209111,53,318733,318786,0,10155169068
1553,0,11,164731102937379,164731102937437,164731103260568,58,323131,323189,0,10155169068
1554,0,11,164731112937520,164731112937571,164731113251258,51,313687,313738,0,10155169068
1555,0,11,164731122843240,164731122843309,164731123291654,69,448345,448414,0,10155169068
1556,0,11,164731132904519,164731132904570,164731133468128,51,563558,563609,0,10155169068
1557,0,11,164731142872146,164731142872196,164731143182906,50,310710,310760,0,10155169068
1558,0,11,164731152937882,164731152937934,164731153251260,52,313326,313378,0,10155169068
1559,0,11,164731162882237,164731162882287,164731163158150,50,275863,275913,0,10155169068
1560,0,11,164731172939125,164731172939176,164731173218209,51,279033,279084,0,10155169068
1561,0,11,164731182884890,164731182884942,164731183091723,52,206781,206833,0,10155169068
1562,0,11,164731192907583,164731192907634,164731193320899,51,413265,413316,0,10155169068
1563,0,11,164731202936706,164731202936758,164731203424314,52,487556,487608,0,10155169068
1564,0,11,164731212895012,164731212895064,164731213233197,52,338133,338185,0,10155169068
1565,0,11,164731222938711,164731222938770,164731223387016,59,448246,448305,0,10155169068
1566,0,11,164731232937041,164731232937098,164731233257567,57,320469,320526,0,10155169068
1567,0,11,164731242939398,164731242939450,164731243366324,52,426874,426926,0,10155169068
1568,0,11,164731252941112,164731252941171,164731253330092,59,388921,388980,0,10155169068
1569,0,11,164731262903947,164731262904004,164731263286064,57,382060,382117,0,10155169068
1570,0,11,164731272939904,164731272939955,164731273347888,51,407933,407984,0,10155169068
1571,0,11,164731282939836,164731282939887,164731283362381,51,422494,422545,0,10155169068
1572,0,11,164731292942409,164731292942461,164731293364371,52,421910,421962,0,10155169068
1573,0,11,164731302906553,164731302906604,164731303314226,51,407622,407673,0,10155169068
1574,0,11,164731312906939,164731312906990,164731313354540,51,447550,447601,0,10155169068
1575,0,11,164731322899135,164731322899203,164731323235919,68,336716,336784,0,10155169068
1576,0,11,164731332914260,164731332914311,164731333361808,51,447497,447548,0,10155169068
1577,0,11,164731342940937,164731342940988,164731343439760,51,498772,498823,0,10155169068
1578,0,11,164731352937928,164731352937979,164731353295207,51,357228,357279,0,10155169068
1579,0,11,164731362916699,164731362916750,164731363399332,51,482582,482633,0,10155169068
1580,0,11,164731372940328,164731372940379,164731373428987,51,488608,488659,0,10155169068
1581,0,11,164731382937998,164731382938049,164731383366451,51,428402,428453,0,10155169068
1582,0,11,164731392939248,164731392939303,164731393294803,55,355500,355555,0,10155169068
1583,0,11,164731402907573,164731402907624,164731403280047,51,372423,372474,0,10155169068
1584,0,11,164731412940358,164731412940409,164731413327808,51,387399,387450,0,10155169068
1585,0,11,164731422940958,164731422941009,164731423223843,51,282834,282885,0,10155169068
1586,0,11,164731432940154,164731432940205,164731433295524,51,355319,355370,0,10155169068
1587,0,11,164731442940288,164731442940339,164731443291913,51,351574,351625,0,10155169068
1588,0,11,164731452873672,164731452873730,164731453415602,58,541872,541930,0,10155169068
1589,0,11,164731462889157,164731462889208,164731463309448,51,420240,420291,0,10155169068
1590,0,11,164731472939840,164731472939890,164731473224657,50,284767,284817,0,10155169068
1591,0,11,164731482953766,164731482953829,164731483266931,63,313102,313165,0,10155169068
1592,0,11,164731492915779,164731492915830,164731493197046,51,281216,281267,0,10155169068
1593,0,11,164731502940805,164731502940856,164731503225570,51,284714,284765,0,10155169068
1594,0,11,164731512942063,164731512942114,164731513227699,51,285585,285636,0,10155169068
1595,0,11,164731522939784,164731522939835,164731523224364,51,284529,284580,0,10155169068
1596,0,11,164731532941381,164731532941433,164731533233988,52,292555,292607,0,10155169068
1597,0,11,164731542941272,164731542941331,164731543326952,59,385621,385680,0,10155169068
1598,0,11,164731552904328,164731552904386,164731553326256,58,421870,421928,0,10155169068
1599,0,11,164731562939280,164731562939333,164731563644580,53,705247,705300,0,10155169068
1600,0,11,164731572964091,164731572964256,164731573995451,165,1031195,1031360,0,10155169068
1601,0,11,164731582992097,164731582992358,164731584111090,261,1118732,1118993,0,10155169068
1602,0,11,164731593077113,164731593077202,164731593579064,89,501862,501951,0,10155169068
1603,0,11,164731602885419,164731602885528,164731603331008,109,445480,445589,0,10155169068
1604,0,11,164731613180744,164731613180834,164731613547174,90,366340,366430,0,10155169068
1605,0,11,164731622891651,164731622891740,164731623234865,89,343125,343214,0,10155169068
1606,0,11,164731632882636,164731632882696,164731633310631,60,427935,427995,0,10155169068
1607,0,11,164731642941919,164731642941972,164731643467096,53,525124,525177,0,10155169068
1608,0,11,164731652915371,164731652915422,164731653496534,51,581112,581163,0,10155169068
1609,0,11,164731662941453,164731662941504,164731663566239,51,624735,624786,0,10155169068
1610,0,11,164731672939873,164731672939931,164731673833216,58,893285,893343,0,10155169068
1611,0,11,164731682916836,164731682916926,164731683843460,90,926534,926624,0,10155169068
1612,0,11,164731692961741,164731692961824,164731693904629,83,942805,942888,0,10155169068
1613,0,11,164731702931079,164731702931162,164731703948550,83,1017388,1017471,0,10155169068
1614,0,11,164731712960534,164731712960617,164731713807324,83,846707,846790,0,10155169068
1615,0,11,164731722958380,164731722958463,164731723858735,83,900272,900355,0,10155169068
1616,0,11,164731732923384,164731732923466,164731733969831,82,1046365,1046447,0,10155169068
1617,0,11,164731742947087,164731742947138,164731743359301,51,412163,412214,0,10155169068
1618,0,11,164731752915395,164731752915452,164731753307863,57,392411,392468,0,10155169068
1619,0,11,164731762942830,164731762942881,164731763406726,51,463845,463896,0,10155169068
1620,0,11,164731772879828,164731772879880,164731773335178,52,455298,455350,0,10155169068
1621,0,11,164731782943932,164731782943992,164731783622508,60,678516,678576,0,10155169068
1622,0,11,164731792959566,164731792959649,164731793567632,83,607983,608066,0,10155169068
1623,0,11,164731802963685,164731802963767,164731803564996,82,601229,601311,0,10155169068
1624,0,11,164731812885771,164731812885853,164731813436980,82,551127,551209,0,10155169068
1625,0,11,164731822961074,164731822961156,164731823519115,82,557959,558041,0,10155169068
1626,0,11,164731832960371,164731832960457,164731833727469,86,767012,767098,0,10155169068
1627,0,11,164731842892656,164731842892739,164731843340775,83,448036,448119,0,10155169068
1628,0,11,164731852888925,164731852888977,164731853339029,52,450052,450104,0,10155169068
1629,0,11,164731862910368,164731862910460,164731863480855,92,570395,570487,0,10155169068
1630,0,11,164731872959450,164731872959533,164731873540505,83,580972,581055,0,10155169068
1631,0,11,164731882951910,164731882951976,164731883302561,66,350585,350651,0,10155169068
1632,0,11,164731892919590,164731892919656,164731893385219,66,465563,465629,0,10155169068
1633,0,11,164731902925763,164731902925843,164731903558872,80,633029,633109,0,10155169068
1634,0,11,164731912950715,164731912950791,164731913534091,76,583300,583376,0,10155169068
1635,0,11,164731922946596,164731922946662,164731923464083,66,517421,517487,0,10155169068
1636,0,11,164731932953617,164731932953693,164731933469003,76,515310,515386,0,10155169068
1637,0,11,164731942956289,164731942956430,164731943319102,141,362672,362813,0,10155169068
1638,0,11,164731952899013,164731952899070,164731953342004,57,442934,442991,0,10155169068
1639,0,11,164731962941926,164731962941978,164731963223895,52,281917,281969,0,10155169068
1640,0,11,164731972953741,164731972953815,164731973284213,74,330398,330472,0,10155169068
1641,0,11,164731982890681,164731982890745,164731983222294,64,331549,331613,0,10155169068
1642,0,11,164731992907898,164731992907964,164731993608423,66,700459,700525,0,10155169068
1643,0,11,164732003130783,164732003130901,164732004073225,118,942324,942442,0,10155169068
1644,0,11,164732012951997,164732012952073,164732013622208,76,670135,670211,0,10155169068
1645,0,11,164732022950718,164732022950792,164732023637881,74,687089,687163,0,10155169068
1646,0,11,164732032956356,164732032956440,164732033614848,84,658408,658492,0,10155169068
1647,0,11,164732042889516,164732042889569,164732043396515,53,506946,506999,0,10155169068
1648,0,11,164732052908941,164732052908990,164732053684853,49,775863,775912,0,10155169068
1649,0,11,164732062884330,164732062884394,164732063959731,64,1075337,1075401,0,10155169068
1650,0,11,164732072993829,164732072993946,164732073762734,117,768788,768905,0,10155169068
1651,0,11,164732082983021,164732082983122,164732083481610,101,498488,498589,0,10155169068
1652,0,11,164732093016463,164732093016577,164732094385201,114,1368624,1368738,0,10155169068
1653,0,11,164732102931417,164732102931519,164732103685920,102,754401,754503,0,10155169068
1654,0,11,164732112982807,164732112982909,164732113684967,102,702058,702160,0,10155169068
1655,0,11,164732122918188,164732122918287,164732123807794,99,889507,889606,0,10155169068
1656,0,11,164732132889652,164732132889740,164732133668042,88,778302,778390,0,10155169068
1657,0,11,164732142878265,164732142878333,164732143612510,68,734177,734245,0,10155169068
1658,0,11,164732152887166,164732152887219,164732153268782,53,381563,381616,0,10155169068
1659,0,11,164732162908808,164732162908859,164732163187519,51,278660,278711,0,10155169068
1660,0,11,164732172945740,164732172945791,164732173289925,51,344134,344185,0,10155169068
1661,0,11,164732182948601,164732182948652,164732183426901,51,478249,478300,0,10155169068
1662,0,11,164732192919831,164732192919882,164732193392167,51,472285,472336,0,10155169068
1663,0,11,164732202912690,164732202912747,164732203400298,57,487551,487608,0,10155169068
1664,0,11,164732212891138,164732212891207,164732213161287,69,270080,270149,0,10155169068
1665,0,11,164732222924027,164732222924083,164732223188002,56,263919,263975,0,10155169068
1666,0,11,164732232919311,164732232919368,164732233348492,57,429124,429181,0,10155169068
1667,0,11,164732242947481,164732242947543,164732243558959,62,611416,611478,0,10155169068
1668,0,11,164732252915161,164732252915219,164732253233525,58,318306,318364,0,10155169068
1669,0,11,164732262944666,164732262944718,164732263261622,52,316904,316956,0,10155169068
1670,0,11,164732272911181,164732272911237,164732273200773,56,289536,289592,0,10155169068
1671,0,11,164732282922267,164732282922324,164732283203375,57,281051,281108,0,10155169068
1672,0,11,164732292900628,164732292900684,164732293164411,56,263727,263783,0,10155169068
1673,0,11,164732302951510,164732302951571,164732303481864,61,530293,530354,0,10155169068
1674,0,11,164732312912115,164732312912168,164732313290793,53,378625,378678,0,10155169068
1675,0,11,164732322950820,164732322950874,164732323511856,54,560982,561036,0,10155169068
1676,0,11,164732332951402,164732332951464,164732333722767,62,771303,771365,0,10155169068
1677,0,11,164732342882384,164732342882437,164732343507009,53,624572,624625,0,10155169068
1678,0,11,164732352890594,164732352890649,164732353735571,55,844922,844977,0,10155169068
1679,0,11,164732362875582,164732362875633,164732363246126,51,370493,370544,0,10155169068
1680,0,11,164732372911684,164732372911742,164732373278004,58,366262,366320,0,10155169068
1681,0,11,164732382908709,164732382908767,164732383342850,58,434083,434141,0,10155169068
1682,0,11,164732392921122,164732392921173,164732393211521,51,290348,290399,0,10155169068
1683,0,11,164732402947795,164732402947846,164732403309427,51,361581,361632,0,10155169068
1684,0,11,164732412967864,164732412967916,164732413301324,52,333408,333460,0,10155169068
1685,0,11,164732422944248,164732422944306,164732423270341,58,326035,326093,0,10155169068
1686,0,11,164732432908863,164732432908920,164732433222991,57,314071,314128,0,10155169068
1687,0,11,164732442947026,164732442947083,164732443285128,57,338045,338102,0,10155169068
1688,0,11,164732452913257,164732452913309,164732453231587,52,318278,318330,0,10155169068
1689,0,11,164732462945036,164732462945093,164732463279756,57,334663,334720,0,10155169068
1690,0,11,164732472878516,164732472878570,164732473198787,54,320217,320271,0,10155169068
1691,0,11,164732482956352,164732482956411,164732483243557,59,287146,287205,0,10155169068
1692,0,11,164732492946758,164732492946816,164732493259703,58,312887,312945,0,10155169068
1693,0,11,164732502948046,164732502948114,164732503355355,68,407241,407309,0,10155169068
1694,0,11,164732512903011,164732512903062,164732513277620,51,374558,374609,0,10155169068
1695,0,11,164732522905140,164732522905193,164732523304643,53,399450,399503,0,10155169068
1696,0,11,164732532947929,164732532947980,164732533316639,51,368659,368710,0,10155169068
1697,0,11,164732542948003,164732542948055,164732543359170,52,411115,411167,0,10155169068
1698,0,11,164732552948060,164732552948111,164732553344632,51,396521,396572,0,10155169068
1699,0,11,164732562946511,164732562946562,164732563313120,51,366558,366609,0,10155169068
1700,0,11,164732572945821,164732572945874,164732573306563,53,360689,360742,0,10155169068
1701,0,11,164732582946738,164732582946789,164732583338121,51,391332,391383,0,10155169068
1702,0,11,164732592949783,164732592949836,164732593313525,53,363689,363742,0,10155169068
1703,0,11,164732602950794,164732602950845,164732603317850,51,367005,367056,0,10155169068
1704,0,11,164732612950697,164732612950749,164732613316192,52,365443,365495,0,10155169068
1705,0,11,164732622913472,164732622913547,164732623355351,75,441804,441879,0,10155169068
1706,0,11,164732632857316,164732632857380,164732633374650,64,517270,517334,0,10155169068
1707,0,11,164732642842309,164732642842568,164732643269281,259,426713,426972,0,10155169068
1708,0,11,164732652880530,164732652880604,164732653318480,74,437876,437950,0,10155169068
1709,0,11,164732662880291,164732662880347,164732663314673,56,434326,434382,0,10155169068
1710,0,11,164732672872152,164732672872217,164732673287361,65,415144,415209,0,10155169068
1711,0,11,164732682905570,164732682905627,164732683243922,57,338295,338352,0,10155169068
1712,0,11,164732692909468,164732692909520,164732693172163,52,262643,262695,0,10155169068
1713,0,11,164732702947559,164732702947610,164732703296853,51,349243,349294,0,10155169068
1714,0,11,164732712946533,164732712946585,164732713369155,52,422570,422622,0,10155169068
1715,0,11,164732722948551,164732722948602,164732723402477,51,453875,453926,0,10155169068
1716,0,11,164732732946129,164732732946182,164732733413334,53,467152,467205,0,10155169068
1717,0,11,164732742950208,164732742950268,164732743460680,60,510412,510472,0,10155169068
1718,0,11,164732752918575,164732752918626,164732753218585,51,299959,300010,0,10155169068
1719,0,11,164732762917093,164732762917146,164732763202587,53,285441,285494,0,10155169068
1720,0,11,164732772958237,164732772958288,164732773283153,51,324865,324916,0,10155169068
1721,0,11,164732782924469,164732782924520,164732783201719,51,277199,277250,0,10155169068
1722,0,11,164732792913334,164732792913391,164732793276121,57,362730,362787,0,10155169068
1723,0,11,164732802952933,164732802952984,164732803312565,51,359581,359632,0,10155169068
1724,0,11,164732812917788,164732812917839,164732813316859,51,399020,399071,0,10155169068
1725,0,11,164732822952646,164732822952701,164732823619037,55,666336,666391,0,10155169068
1726,0,11,164732832949911,164732832949962,164732833425250,51,475288,475339,0,10155169068
1727,0,11,164732842948187,164732842948245,164732843423056,58,474811,474869,0,10155169068
1728,0,11,164732852950268,164732852950326,164732853274283,58,323957,324015,0,10155169068
1729,0,11,164732862915243,164732862915294,164732863260416,51,345122,345173,0,10155169068
1730,0,11,164732872949755,164732872949806,164732873382123,51,432317,432368,0,10155169068
1731,0,11,164732882951298,164732882951357,164732883369383,59,418026,418085,0,10155169068
1732,0,11,164732892950684,164732892950735,164732893376104,51,425369,425420,0,10155169068
1733,0,11,164732902949774,164732902949834,164732903372141,60,422307,422367,0,10155169068
1734,0,11,164732912950145,164732912950196,164732913502897,51,552701,552752,0,10155169068
1735,0,11,164732922949457,164732922949508,164732923450929,51,501421,501472,0,10155169068
1736,0,11,164732932951435,164732932951486,164732933314151,51,362665,362716,0,10155169068
1737,0,11,164732942928898,164732942928949,164732943264953,51,336004,336055,0,10155169068
1738,0,11,164732952950589,164732952950646,164732953363603,57,412957,413014,0,10155169068
1739,0,11,164732962950277,164732962950334,164732963608958,57,658624,658681,0,10155169068
1740,0,11,164732972906733,164732972906784,164732973502262,51,595478,595529,0,10155169068
1741,0,11,164732982950383,164732982950440,164732983295079,57,344639,344696,0,10155169068
1742,0,11,164732992912845,164732992912896,164732993230103,51,317207,317258,0,10155169068
1743,0,11,164733002910634,164733002910704,164733003255229,70,344525,344595,0,10155169068
1744,0,11,164733012907462,164733012907512,164733013165342,50,257830,257880,0,10155169068
1745,0,11,164733022952844,164733022952902,164733023497972,58,545070,545128,0,10155169068
1746,0,11,164733032951634,164733032951699,164733033354745,65,403046,403111,0,10155169068
1747,0,11,164733042901456,164733042901507,164733043181303,51,279796,279847,0,10155169068
1748,0,11,164733052954404,164733052954461,164733053544714,57,590253,590310,0,10155169068
1749,0,11,164733062918180,164733062918231,164733063257319,51,339088,339139,0,10155169068
1750,0,11,164733072968203,164733072968272,164733073503074,69,534802,534871,0,10155169068
1751,0,11,164733082920839,164733082920896,164733083326866,57,405970,406027,0,10155169068
1752,0,11,164733092913276,164733092913329,164733093338989,53,425660,425713,0,10155169068
1753,0,11,164733102908871,164733102908922,164733103243857,51,334935,334986,0,10155169068
1754,0,11,164733112949670,164733112949727,164733113296157,57,346430,346487,0,10155169068
1755,0,11,164733122927245,164733122927298,164733123273947,53,346649,346702,0,10155169068
1756,0,11,164733132951290,164733132951341,164733133308250,51,356909,356960,0,10155169068
1757,0,11,164733142917059,164733142917112,164733143262088,53,344976,345029,0,10155169068
1758,0,11,164733152890679,164733152890740,164733153777005,61,886265,886326,0,10155169068
1759,0,11,164733162898258,164733162898312,164733163311616,54,413304,413358,0,10155169068
1760,0,11,164733172933931,164733172933982,164733173411863,51,477881,477932,0,10155169068
1761,0,11,164733182952466,164733182952525,164733183502178,59,549653,549712,0,10155169068
1762,0,11,164733192895415,164733192895485,164733193435186,70,539701,539771,0,10155169068
1763,0,11,164733202953558,164733202953616,164733203610064,58,656448,656506,0,10155169068
1764,0,11,164733212918273,164733212918348,164733213443769,75,525421,525496,0,10155169068
1765,0,11,164733222951746,164733222951805,164733223463277,59,511472,511531,0,10155169068
1766,0,11,164733232952117,164733232952176,164733233438910,59,486734,486793,0,10155169068
1767,0,11,164733242953714,164733242953765,164733243381278,51,427513,427564,0,10155169068
1768,0,11,164733252953504,164733252953563,164733253249082,59,295519,295578,0,10155169068
1769,0,11,164733262953305,164733262953362,164733263239482,57,286120,286177,0,10155169068
1770,0,11,164733272951587,164733272951638,164733273241079,51,289441,289492,0,10155169068
1771,0,11,164733282915430,164733282915487,164733283199559,57,284072,284129,0,10155169068
1772,0,11,164733292952826,164733292952883,164733293280686,57,327803,327860,0,10155169068
1773,0,11,164733302956080,164733302956131,164733303320209,51,364078,364129,0,10155169068
1774,0,11,164733312897720,164733312897761,164733313286103,41,388342,388383,0,10155169068
1775,0,11,164733322952741,164733322952793,164733323621073,52,668280,668332,0,10155169068
1776,0,11,164733332862764,164733332862815,164733333572570,51,709755,709806,0,10155169068
1777,0,11,164733342901109,164733342901161,164733343209593,52,308432,308484,0,10155169068
1778,0,11,164733352889539,164733352889590,164733353222077,51,332487,332538,0,10155169068
1779,0,11,164733362920740,164733362920791,164733363307666,51,386875,386926,0,10155169068
1780,0,11,164733372927813,164733372927865,164733373207621,52,279756,279808,0,10155169068
1781,0,11,164733382878630,164733382878680,164733383162043,50,283363,283413,0,10155169068
1782,0,11,164733392954392,164733392954449,164733393234521,57,280072,280129,0,10155169068
1783,0,11,164733402952684,164733402952737,164733403233461,53,280724,280777,0,10155169068
1784,0,11,164733412952959,164733412953017,164733413234206,58,281189,281247,0,10155169068
1785,0,11,164733422955326,164733422955381,164733423271229,55,315848,315903,0,10155169068
1786,0,11,164733432957679,164733432957743,164733433265999,64,308256,308320,0,10155169068
1787,0,11,164733442959795,164733442959851,164733443267757,56,307906,307962,0,10155169068
1788,0,11,164733452956129,164733452956184,164733453262502,55,306318,306373,0,10155169068
1789,0,11,164733462955127,164733462955178,164733463307015,51,351837,351888,0,10155169068
1790,0,11,164733472907484,164733472907543,164733473111067,59,203524,203583,0,10155169068
1791,0,11,164733482932255,164733482932306,164733483227230,51,294924,294975,0,10155169068
1792,0,11,164733492905602,164733492905663,164733493152266,61,246603,246664,0,10155169068
1793,0,11,164733502959540,164733502959591,164733503248998,51,289407,289458,0,10155169068
1794,0,11,164733512955230,164733512955281,164733513351683,51,396402,396453,0,10155169068
1795,0,11,164733522954062,164733522954113,164733523335672,51,381559,381610,0,10155169068
1796,0,11,164733532956121,164733532956181,164733533344041,60,387860,387920,0,10155169068
1797,0,11,164733542952329,164733542952381,164733543344233,52,391852,391904,0,10155169068
1798,0,11,164733552953659,164733552953710,164733553303191,51,349481,349532,0,10155169068
1799,0,11,164733562887936,164733562887988,164733563218661,52,330673,330725,0,10155169068
1800,0,11,164733572905553,164733572905610,164733573196074,57,290464,290521,0,10155169068
1801,0,11,164733582959589,164733582959646,164733583243178,57,283532,283589,0,10155169068
1802,0,11,164733592908525,164733592908576,164733593128576,51,220000,220051,0,10155169068
1803,0,11,164733602913640,164733602913698,164733603229882,58,316184,316242,0,10155169068
1804,0,11,164733612924956,164733612925008,164733613504448,52,579440,579492,0,10155169068
1805,0,11,164733622961402,164733622961457,164733623532011,55,570554,570609,0,10155169068
1806,0,11,164733632963013,164733632963074,164733633617135,61,654061,654122,0,10155169068
1807,0,11,164733642926708,164733642926765,164733643360455,57,433690,433747,0,10155169068
1808,0,11,164733652892665,164733652892774,164733653549299,109,656525,656634,0,10155169068
1809,0,11,164733662903970,164733662904070,164733663749365,100,845295,845395,0,10155169068
1810,0,11,164733672896925,164733672897013,164733673591432,88,694419,694507,0,10155169068
1811,0,11,164733682896439,164733682896523,164733683271461,84,374938,375022,0,10155169068
1812,0,11,164733692894743,164733692894804,164733693265562,61,370758,370819,0,10155169068
1813,0,11,164733702887305,164733702887356,164733703365179,51,477823,477874,0,10155169068
1814,0,11,164733712881853,164733712881904,164733713136931,51,255027,255078,0,10155169068
1815,0,11,164733722957023,164733722957075,164733723237641,52,280566,280618,0,10155169068
1816,0,11,164733732923085,164733732923136,164733733231899,51,308763,308814,0,10155169068
1817,0,11,164733742890358,164733742890421,164733743090038,63,199617,199680,0,10155169068
1818,0,11,164733752958668,164733752958719,164733753558299,51,599580,599631,0,10155169068
1819,0,11,164733762891946,164733762891995,164733763471526,49,579531,579580,0,10155169068
1820,0,11,164733772957045,164733772957097,164733773531219,52,574122,574174,0,10155169068
1821,0,11,164733782928951,164733782929008,164733783256340,57,327332,327389,0,10155169068
1822,0,11,164733792954571,164733792954622,164733793241926,51,287304,287355,0,10155169068
1823,0,11,164733802907580,164733802907637,164733803505355,57,597718,597775,0,10155169068
1824,0,11,164733812901428,164733812901481,164733813475357,53,573876,573929,0,10155169068
1825,0,11,164733822890645,164733822890696,164733823352151,51,461455,461506,0,10155169068
1826,0,11,164733832929298,164733832929349,164733833512061,51,582712,582763,0,10155169068
1827,0,11,164733842919375,164733842919434,164733843553730,59,634296,634355,0,10155169068
1828,0,11,164733852918046,164733852918097,164733853539239,51,621142,621193,0,10155169068
1829,0,11,164733862954548,164733862954600,164733863596656,52,642056,642108,0,10155169068
1830,0,11,164733872954217,164733872954276,164733873549639,59,595363,595422,0,10155169068
1831,0,11,164733882956877,164733882956928,164733883516833,51,559905,559956,0,10155169068
1832,0,11,164733892957874,164733892957925,164733893540216,51,582291,582342,0,10155169068
1833,0,11,164733902959681,164733902959734,164733903548703,53,588969,589022,0,10155169068
1834,0,11,164733912960521,164733912960580,164733913544528,59,583948,584007,0,10155169068
1835,0,11,164733922959600,164733922959651,164733923301864,51,342213,342264,0,10155169068
1836,0,11,164733932958879,164733932958930,164733933312050,51,353120,353171,0,10155169068
1837,0,11,164733942961734,164733942961784,164733943314562,50,352778,352828,0,10155169068
1838,0,11,164733952956047,164733952956098,164733953308199,51,352101,352152,0,10155169068
1839,0,11,164733962956746,164733962956804,164733963308328,58,351524,351582,0,10155169068
1840,0,11,164733972956833,164733972956884,164733973223611,51,266727,266778,0,10155169068
1841,0,11,164733982888114,164733982888163,164733983060468,49,172305,172354,0,10155169068
1842,0,11,164733992957179,164733992957230,164733993298586,51,341356,341407,0,10155169068
1843,0,11,164734002901215,164734002901300,164734003692494,85,791194,791279,0,10155169068
1844,0,11,164734012909435,164734012909486,164734013623032,51,713546,713597,0,10155169068
1845,0,11,164734022958123,164734022958176,164734023340838,53,382662,382715,0,10155169068
1846,0,11,164734032957543,164734032957608,164734033422491,65,464883,464948,0,10155169068
1847,0,11,164734042959143,164734042959194,164734043419971,51,460777,460828,0,10155169068
1848,0,11,164734052959425,164734052959476,164734053456036,51,496560,496611,0,10155169068
1849,0,11,164734062923457,164734062923506,164734063456784,49,533278,533327,0,10155169068
1850,0,11,164734072911383,164734072911434,164734073231387,51,319953,320004,0,10155169068
1851,0,11,164734082959593,164734082959644,164734083385027,51,425383,425434,0,10155169068
1852,0,11,164734092905521,164734092905589,164734093475038,68,569449,569517,0,10155169068
1853,0,11,164734102957492,164734102957551,164734103524881,59,567330,567389,0,10155169068
1854,0,11,164734112933696,164734112933753,164734113396984,57,463231,463288,0,10155169068
1855,0,11,164734122957991,164734122958042,164734123411268,51,453226,453277,0,10155169068
1856,0,11,164734132957905,164734132957956,164734133415901,51,457945,457996,0,10155169068
1857,0,11,164734142930882,164734142930933,164734143383320,51,452387,452438,0,10155169068
1858,0,11,164734152933615,164734152933666,164734153428895,51,495229,495280,0,10155169068
1859,0,11,164734162959649,164734162959709,164734163451514,60,491805,491865,0,10155169068
1860,0,11,164734172959275,164734172959328,164734173408231,53,448903,448956,0,10155169068
1861,0,11,164734182958976,164734182959027,164734183409451,51,450424,450475,0,10155169068
1862,0,11,164734192960568,164734192960619,164734193413386,51,452767,452818,0,10155169068
1863,0,11,164734202960857,164734202960914,164734203411445,57,450531,450588,0,10155169068
1864,0,11,164734212959118,164734212959169,164734213408968,51,449799,449850,0,10155169068
1865,0,11,164734222892231,164734222892282,164734223321783,51,429501,429552,0,10155169068
1866,0,11,164734232958519,164734232958574,164734233408881,55,450307,450362,0,10155169068
1867,0,11,164734242960167,164734242960218,164734243382936,51,422718,422769,0,10155169068
1868,0,11,164734252908092,164734252908143,164734253347545,51,439402,439453,0,10155169068
1869,0,11,164734262961963,164734262962023,164734263338827,60,376804,376864,0,10155169068
1870,0,11,164734272960520,164734272960571,164734273334550,51,373979,374030,0,10155169068
1871,0,11,164734282910501,164734282910552,164734283354169,51,443617,443668,0,10155169068
1872,0,11,164734292911982,164734292912033,164734293166014,51,253981,254032,0,10155169068
1873,0,11,164734302917073,164734302917124,164734303396583,51,479459,479510,0,10155169068
1874,0,11,164734312960260,164734312960319,164734313491474,59,531155,531214,0,10155169068
1875,0,11,164734322959787,164734322959838,164734323441452,51,481614,481665,0,10155169068
1876,0,11,164734332958592,164734332958645,164734333451037,53,492392,492445,0,10155169068
1877,0,11,164734342917578,164734342917629,164734343433229,51,515600,515651,0,10155169068
1878,0,11,164734352962075,164734352962135,164734353440635,60,478500,478560,0,10155169068
1879,0,11,164734362944628,164734362944679,164734363425202,51,480523,480574,0,10155169068
1880,0,11,164734372891912,164734372891969,164734373321982,57,430013,430070,0,10155169068
1881,0,11,164734382896662,164734382896722,164734383341129,60,444407,444467,0,10155169068
1882,0,11,164734392909318,164734392909381,164734393395664,63,486283,486346,0,10155169068
1883,0,11,164734402959916,164734402959967,164734403436104,51,476137,476188,0,10155169068
1884,0,11,164734412927572,164734412927625,164734413359498,53,431873,431926,0,10155169068
1885,0,11,164734422932835,164734422932886,164734423409309,51,476423,476474,0,10155169068
1886,0,11,164734432891261,164734432891321,164734433373491,60,482170,482230,0,10155169068
1887,0,11,164734442915586,164734442915637,164734443375461,51,459824,459875,0,10155169068
1888,0,11,164734452933657,164734452933708,164734453396882,51,463174,463225,0,10155169068
1889,0,11,164734462942098,164734462942157,164734463496815,59,554658,554717,0,10155169068
1890,0,11,164734472943527,164734472943584,164734473360503,57,416919,416976,0,10155169068
1891,0,11,164734482929665,164734482929716,164734483345145,51,415429,415480,0,10155169068
1892,0,11,164734492915799,164734492915850,164734493232578,51,316728,316779,0,10155169068
1893,0,11,164734502963902,164734502963961,164734503571136,59,607175,607234,0,10155169068
1894,0,11,164734512961874,164734512961927,164734513496088,53,534161,534214,0,10155169068
1895,0,11,164734522929850,164734522929903,164734523315993,53,386090,386143,0,10155169068
1896,0,11,164734532962666,164734532962717,164734533378872,51,416155,416206,0,10155169068
1897,0,11,164734542962986,164734542963039,164734543374943,53,411904,411957,0,10155169068
1898,0,11,164734552964249,164734552964301,164734553379072,52,414771,414823,0,10155169068
1899,0,11,164734562922285,164734562922337,164734563296318,52,373981,374033,0,10155169068
1900,0,11,164734572962094,164734572962145,164734573430869,51,468724,468775,0,10155169068
1901,0,11,164734582992626,164734582992690,164734583359077,64,366387,366451,0,10155169068
1902,0,11,164734592905894,164734592905945,164734593127815,51,221870,221921,0,10155169068
1903,0,11,164734602918697,164734602918767,164734603234113,70,315346,315416,0,10155169068
1904,0,11,164734613022261,164734613022324,164734613300409,63,278085,278148,0,10155169068
1905,0,11,164734622917817,164734622917876,164734623212676,59,294800,294859,0,10155169068
1906,0,11,164734632964991,164734632965043,164734633350891,52,385848,385900,0,10155169068
1907,0,11,164734642963171,164734642963222,164734643344363,51,381141,381192,0,10155169068
1908,0,11,164734652963311,164734652963368,164734653340329,57,376961,377018,0,10155169068
1909,0,11,164734662961674,164734662961725,164734663329811,51,368086,368137,0,10155169068
1910,0,11,164734672961654,164734672961705,164734673329782,51,368077,368128,0,10155169068
1911,0,11,164734682963464,164734682963516,164734683338278,52,374762,374814,0,10155169068
1912,0,11,164734692901555,164734692901633,164734693296260,78,394627,394705,0,10155169068
1913,0,11,164734702897384,164734702897460,164734703336842,76,439382,439458,0,10155169068
1914,0,11,164734712908612,164734712908662,164734713269564,50,360902,360952,0,10155169068
1915,0,11,164734722899238,164734722899295,164734723295147,57,395852,395909,0,10155169068
1916,0,11,164734732931277,164734732931328,164734733547316,51,615988,616039,0,10155169068
1917,0,11,164734742965800,164734742965851,164734743459744,51,493893,493944,0,10155169068
1918,0,11,164734752908606,164734752908658,164734753313332,52,404674,404726,0,10155169068
1919,0,11,164734762967997,164734762968056,164734763378465,59,410409,410468,0,10155169068
1920,0,11,164734772965548,164734772965599,164734773405595,51,439996,440047,0,10155169068
1921,0,11,164734782933697,164734782933758,164734783509813,61,576055,576116,0,10155169068
1922,0,11,164734792932002,164734792932053,164734793390986,51,458933,458984,0,10155169068
1923,0,11,164734802967590,164734802967648,164734803494410,58,526762,526820,0,10155169068
1924,0,11,164734812928688,164734812928739,164734813543375,51,614636,614687,0,10155169068
1925,0,11,164734822927693,164734822927750,164734823421752,57,494002,494059,0,10155169068
1926,0,11,164734832964434,164734832964484,164734833491126,50,526642,526692,0,10155169068
1927,0,11,164734842964421,164734842964472,164734843375065,51,410593,410644,0,10155169068
1928,0,11,164734852974627,164734852974678,164734853483747,51,509069,509120,0,10155169068
1929,0,11,164734863001164,164734863001213,164734863399132,49,397919,397968,0,10155169068
1930,0,11,164734872904224,164734872904284,164734873349594,60,445310,445370,0,10155169068
1931,0,11,164734882930641,164734882930692,164734883365151,51,434459,434510,0,10155169068
1932,0,11,164734892913672,164734892913723,164734893480083,51,566360,566411,0,10155169068
1933,0,11,164734902964114,164734902964167,164734903747397,53,783230,783283,0,10155169068
1934,0,11,164734912904132,164734912904184,164734913220268,52,316084,316136,0,10155169068
1935,0,11,164734922939742,164734922939793,164734923269720,51,329927,329978,0,10155169068
1936,0,11,164734932899929,164734932900000,164734933105811,71,205811,205882,0,10155169068
1937,0,11,164734942905692,164734942905741,164734943201392,49,295651,295700,0,10155169068
1938,0,11,164734952903432,164734952903496,164734953212914,64,309418,309482,0,10155169068
1939,0,11,164734962932812,164734962932863,164734963207122,51,274259,274310,0,10155169068
1940,0,11,164734972937555,164734972937605,164734973222207,50,284602,284652,0,10155169068
1941,0,11,164734982965268,164734982965326,164734983255409,58,290083,290141,0,10155169068
1942,0,11,164734992965131,164734992965182,164734993255121,51,289939,289990,0,10155169068
1943,0,11,164735002905112,164735002905189,164735003189975,77,284786,284863,0,10155169068
1944,0,11,164735012928336,164735012928395,164735013395350,59,466955,467014,0,10155169068
1945,0,11,164735022941451,164735022941509,164735023470455,58,528946,529004,0,10155169068
1946,0,11,164735032966414,164735032966488,164735033670509,74,704021,704095,0,10155169068
1947,0,11,164735042967213,164735042967264,164735043698111,51,730847,730898,0,10155169068
1948,0,11,164735052966031,164735052966090,164735053638173,59,672083,672142,0,10155169068
1949,0,11,164735062965164,164735062965215,164735063254613,51,289398,289449,0,10155169068
1950,0,11,164735072966534,164735072966593,164735073254846,59,288253,288312,0,10155169068
1951,0,11,164735082967129,164735082967188,164735083258346,59,291158,291217,0,10155169068
1952,0,11,164735092925993,164735092926045,164735093119316,52,193271,193323,0,10155169068
1953,0,11,164735102968387,164735102968445,164735103256112,58,287667,287725,0,10155169068
1954,0,11,164735112967042,164735112967092,164735113262055,50,294963,295013,0,10155169068
1955,0,11,164735122964171,164735122964232,164735123254831,61,290599,290660,0,10155169068
1956,0,11,164735132967613,164735132967664,164735133387455,51,419791,419842,0,10155169068
1957,0,11,164735142967939,164735142967990,164735143393486,51,425496,425547,0,10155169068
1958,0,11,164735152967345,164735152967395,164735153264478,50,297083,297133,0,10155169068
1959,0,11,164735162869937,164735162869995,164735163152359,58,282364,282422,0,10155169068
1960,0,11,164735172905281,164735172905337,164735173198241,56,292904,292960,0,10155169068
1961,0,11,164735182904165,164735182904233,164735183206491,68,302258,302326,0,10155169068
1962,0,11,164735192913032,164735192913085,164735193200943,53,287858,287911,0,10155169068
1963,0,11,164735202967263,164735202967314,164735203256282,51,288968,289019,0,10155169068
1964,0,11,164735212899816,164735212899870,164735213174226,54,274356,274410,0,10155169068
1965,0,11,164735222902743,164735222902798,164735223207377,55,304579,304634,0,10155169068
1966,0,11,164735232901943,164735232901994,164735233177252,51,275258,275309,0,10155169068
1967,0,11,164735242911881,164735242911932,164735243182675,51,270743,270794,0,10155169068
1968,0,11,164735252912225,164735252912276,164735253268711,51,356435,356486,0,10155169068
1969,0,11,164735262931561,164735262931612,164735263218039,51,286427,286478,0,10155169068
1970,0,11,164735272941524,164735272941577,164735273277584,53,336007,336060,0,10155169068
1971,0,11,164735282968377,164735282968428,164735283323248,51,354820,354871,0,10155169068
1972,0,11,164735292938091,164735292938142,164735293228486,51,290344,290395,0,10155169068
1973,0,11,164735302980612,164735302980681,164735303303204,69,322523,322592,0,10155169068
1974,0,11,164735312918185,164735312918236,164735313202875,51,284639,284690,0,10155169068
1975,0,11,164735322965584,164735322965642,164735323401678,58,436036,436094,0,10155169068
1976,0,11,164735332968766,164735332968825,164735333541071,59,572246,572305,0,10155169068
1977,0,11,164735342969118,164735342969177,164735343612270,59,643093,643152,0,10155169068
1978,0,11,164735352966209,164735352966261,164735353286890,52,320629,320681,0,10155169068
1979,0,11,164735362968850,164735362968910,164735363286036,60,317126,317186,0,10155169068
1980,0,11,164735372930466,164735372930518,164735373213797,52,283279,283331,0,10155169068
1981,0,11,164735382969066,164735382969117,164735383324710,51,355593,355644,0,10155169068
1982,0,11,164735392968044,164735392968102,164735393319425,58,351323,351381,0,10155169068
1983,0,11,164735402966928,164735402966979,164735403318464,51,351485,351536,0,10155169068
1984,0,11,164735412967361,164735412967418,164735413378819,57,411401,411458,0,10155169068
1985,0,11,164735422967933,164735422967984,164735423357043,51,389059,389110,0,10155169068
1986,0,11,164735432966673,164735432966732,164735433359997,59,393265,393324,0,10155169068
1987,0,11,164735442968540,164735442968590,164735443307198,50,338608,338658,0,10155169068
1988,0,11,164735452966049,164735452966106,164735453498047,57,531941,531998,0,10155169068
1989,0,11,164735462912752,164735462912803,164735463164395,51,251592,251643,0,10155169068
1990,0,11,164735472968447,164735472968498,164735473400163,51,431665,431716,0,10155169068
1991,0,11,164735482968883,164735482968936,164735483406952,53,438016,438069,0,10155169068
1992,0,11,164735492970308,164735492970365,164735493391719,57,421354,421411,0,10155169068
1993,0,11,164735502915189,164735502915258,164735503755749,69,840491,840560,0,10155169068
1994,0,11,164735512968302,164735512968353,164735513322636,51,354283,354334,0,10155169068
1995,0,11,164735522951779,164735522951830,164735523298879,51,347049,347100,0,10155169068
1996,0,11,164735532970710,164735532970769,164735533338357,59,367588,367647,0,10155169068
1997,0,11,164735542968392,164735542968452,164735543334986,60,366534,366594,0,10155169068
1998,0,11,164735552971005,164735552971062,164735553397017,57,425955,426012,0,10155169068
1999,0,11,164735562937035,164735562937087,164735563366004,52,428917,428969,0,10155169068
2000,0,11,164735572967193,164735572967245,164735573398582,52,431337,431389,0,10155169068
2001,0,11,164735582970172,164735582970230,164735583437838,58,467608,467666,0,10155169068
2002,0,11,164735592931986,164735592932066,164735593429109,80,497043,497123,0,10155169068
2003,0,11,164735602989867,164735602989918,164735603632853,51,642935,642986,0,10155169068
2004,0,11,164735612972489,164735612972546,164735613469665,57,497119,497176,0,10155169068
2005,0,11,164735622908194,164735622908265,164735623371168,71,462903,462974,0,10155169068
2006,0,11,164735632973138,164735632973189,164735633542404,51,569215,569266,0,10155169068
2007,0,11,164735642971306,164735642971357,164735643405249,51,433892,433943,0,10155169068
2008,0,11,164735652973506,164735652973565,164735653394824,59,421259,421318,0,10155169068
2009,0,11,164735662970114,164735662970164,164735663448767,50,478603,478653,0,10155169068
2010,0,11,164735672971652,164735672971701,164735673398623,49,426922,426971,0,10155169068
2011,0,11,164735682934643,164735682934694,164735683365105,51,430411,430462,0,10155169068
2012,0,11,164735692973118,164735692973175,164735693284221,57,311046,311103,0,10155169068
2013,0,11,164735702927193,164735702927252,164735703428686,59,501434,501493,0,10155169068
2014,0,11,164735712902637,164735712902704,164735713383130,67,480426,480493,0,10155169068
2015,0,11,164735722905748,164735722905807,164735723323369,59,417562,417621,0,10155169068
2016,0,11,164735732920621,164735732920703,164735733214641,82,293938,294020,0,10155169068
2017,0,11,164735742901332,164735742901373,164735743186147,41,284774,284815,0,10155169068
2018,0,11,164735752906271,164735752906342,164735753204289,71,297947,298018,0,10155169068
2019,0,11,164735762920122,164735762920171,164735763355863,49,435692,435741,0,10155169068
2020,0,11,164735772939932,164735772939983,164735773375073,51,435090,435141,0,10155169068
2021,0,11,164735782971478,164735782971537,164735783424387,59,452850,452909,0,10155169068
2022,0,11,164735792940741,164735792940793,164735793450172,52,509379,509431,0,10155169068
2023,0,11,164735802944628,164735802944679,164735803486434,51,541755,541806,0,10155169068
2024,0,11,164735812936569,164735812936630,164735813482477,61,545847,545908,0,10155169068
2025,0,11,164735822970561,164735822970613,164735823281667,52,311054,311106,0,10155169068
2026,0,11,164735832970824,164735832970875,164735833509389,51,538514,538565,0,10155169068
2027,0,11,164735842971770,164735842971821,164735843289538,51,317717,317768,0,10155169068
2028,0,11,164735852949850,164735852949903,164735853466457,53,516554,516607,0,10155169068
2029,0,11,164735862972900,164735862972952,164735863284912,52,311960,312012,0,10155169068
2030,0,11,164735872969472,164735872969529,164735873279856,57,310327,310384,0,10155169068
2031,0,11,164735882979187,164735882979260,164735883310114,73,330854,330927,0,10155169068
2032,0,11,164735892972774,164735892972825,164735893540220,51,567395,567446,0,10155169068
2033,0,11,164735902970647,164735902970705,164735903542845,58,572140,572198,0,10155169068
2034,0,11,164735912971251,164735912971303,164735913283973,52,312670,312722,0,10155169068
2035,0,11,164735922972749,164735922972800,164735923524971,51,552171,552222,0,10155169068
2036,0,11,164735932972757,164735932972808,164735933559628,51,586820,586871,0,10155169068
2037,0,11,164735942972938,164735942972989,164735943566120,51,593131,593182,0,10155169068
2038,0,11,164735952937260,164735952937311,164735953609142,51,671831,671882,0,10155169068
2039,0,11,164735962942587,164735962942638,164735963295110,51,352472,352523,0,10155169068
2040,0,11,164735972974484,164735972974535,164735973298084,51,323549,323600,0,10155169068
2041,0,11,164735983014019,164735983014078,164735983328511,59,314433,314492,0,10155169068
2042,0,11,164735992938452,164735992938512,164735993229512,60,291000,291060,0,10155169068
2043,0,11,164736002941144,164736002941216,164736003225937,72,284721,284793,0,10155169068
2044,0,11,164736012929071,164736012929121,164736013208339,50,279218,279268,0,10155169068
2045,0,11,164736022933784,164736022933857,164736023261492,73,327635,327708,0,10155169068
2046,0,11,164736032943961,164736032944026,164736033262651,65,318625,318690,0,10155169068
2047,0,11,164736042973963,164736042974020,164736043316831,57,342811,342868,0,10155169068
2048,0,11,164736052974086,164736052974136,164736053296141,50,322005,322055,0,10155169068
2049,0,11,164736062940794,164736062940845,164736063313158,51,372313,372364,0,10155169068
2050,0,11,164736072939602,164736072939651,164736073313322,49,373671,373720,0,10155169068
2051,0,11,164736082977969,164736082978026,164736083395112,57,417086,417143,0,10155169068
2052,0,11,164736092972466,164736092972525,164736093384384,59,411859,411918,0,10155169068
2053,0,11,164736102928697,164736102928754,164736103236975,57,308221,308278,0,10155169068
2054,0,11,164736112973737,164736112973789,164736113399921,52,426132,426184,0,10155169068
2055,0,11,164736122970667,164736122970718,164736123452144,51,481426,481477,0,10155169068
2056,0,11,164736132974024,164736132974081,164736133518923,57,544842,544899,0,10155169068
2057,0,11,164736142975252,164736142975311,164736143551485,59,576174,576233,0,10155169068
2058,0,11,164736152973559,164736152973611,164736153461734,52,488123,488175,0,10155169068
2059,0,11,164736162986365,164736162986416,164736163541272,51,554856,554907,0,10155169068
2060,0,11,164736173035280,164736173035446,164736174589152,166,1553706,1553872,0,10155169068
2061,0,11,164736183037798,164736183037988,164736184634969,190,1596981,1597171,0,10155169068
2062,0,11,164736193036601,164736193036772,164736194825522,171,1788750,1788921,0,10155169068
2063,0,11,164736203036563,164736203036748,164736204561998,185,1525250,1525435,0,10155169068
2064,0,11,164736212936222,164736212936392,164736214262380,170,1325988,1326158,0,10155169068
2065,0,11,164736222926937,164736222927132,164736224665616,195,1738484,1738679,0,10155169068
2066,0,11,164736232973965,164736232974016,164736233650766,51,676750,676801,0,10155169068
2067,0,11,164736242973453,164736242973504,164736243321487,51,347983,348034,0,10155169068
2068,0,11,164736252948177,164736252948228,164736253268428,51,320200,320251,0,10155169068
2069,0,11,164736262975759,164736262975818,164736263365663,59,389845,389904,0,10155169068
2070,0,11,164736272975100,164736272975151,164736273284340,51,309189,309240,0,10155169068
2071,0,11,164736282973275,164736282973326,164736283292042,51,318716,318767,0,10155169068
2072,0,11,164736292973170,164736292973229,164736293569311,59,596082,596141,0,10155169068
2073,0,11,164736303042812,164736303042978,164736303769627,166,726649,726815,0,10155169068
2074,0,11,164736312971870,164736312972030,164736313755285,160,783255,783415,0,10155169068
2075,0,11,164736323036105,164736323036270,164736323856882,165,820612,820777,0,10155169068
2076,0,11,164736332962240,164736332962351,164736333518436,111,556085,556196,0,10155169068
2077,0,11,164736343015273,164736343015397,164736343580163,124,564766,564890,0,10155169068
2078,0,11,164736352974705,164736352974758,164736353287028,53,312270,312323,0,10155169068
2079,0,11,164736362977013,164736362977070,164736363298933,57,321863,321920,0,10155169068
2080,0,11,164736372971582,164736372971633,164736373293673,51,322040,322091,0,10155169068
2081,0,11,164736382973668,164736382973720,164736383520079,52,546359,546411,0,10155169068
2082,0,11,164736392965310,164736392965437,164736393829216,127,863779,863906,0,10155169068
2083,0,11,164736402927822,164736402927898,164736403476002,76,548104,548180,0,10155169068
2084,0,11,164736412912820,164736412912888,164736413415998,68,503110,503178,0,10155169068
2085,0,11,164736422953288,164736422953339,164736423390747,51,437408,437459,0,10155169068
2086,0,11,164736432927563,164736432927614,164736433488173,51,560559,560610,0,10155169068
2087,0,11,164736442978291,164736442978342,164736443472253,51,493911,493962,0,10155169068
2088,0,11,164736452940930,164736452940981,164736453238523,51,297542,297593,0,10155169068
2089,0,11,164736462930400,164736462930451,164736463448203,51,517752,517803,0,10155169068
2090,0,11,164736472977509,164736472977561,164736473262998,52,285437,285489,0,10155169068
2091,0,11,164736482981348,164736482981401,164736483267583,53,286182,286235,0,10155169068
2092,0,11,164736492977374,164736492977434,164736493261246,60,283812,283872,0,10155169068
2093,0,11,164736502941768,164736502941819,164736503224218,51,282399,282450,0,10155169068
2094,0,11,164736512979712,164736512979763,164736513263216,51,283453,283504,0,10155169068
2095,0,11,164736522956450,164736522956501,164736523217578,51,261077,261128,0,10155169068
2096,0,11,164736532979499,164736532979551,164736533266222,52,286671,286723,0,10155169068
2097,0,11,164736542979835,164736542979895,164736543267267,60,287372,287432,0,10155169068
2098,0,11,164736552933446,164736552933497,164736553246277,51,312780,312831,0,10155169068
2099,0,11,164736562908671,164736562908724,164736563429326,53,520602,520655,0,10155169068
2100,0,11,164736572976596,164736572976653,164736573378944,57,402291,402348,0,10155169068
2101,0,11,164736582977377,164736582977428,164736583391567,51,414139,414190,0,10155169068
2102,0,11,164736592922413,164736592922473,164736593228797,60,306324,306384,0,10155169068
2103,0,11,164736602932392,164736602932466,164736603512059,74,579593,579667,0,10155169068
2104,0,11,164736612927124,164736612927177,164736613481979,53,554802,554855,0,10155169068
2105,0,11,164736622975743,164736622975794,164736623542849,51,567055,567106,0,10155169068
2106,0,11,164736632977305,164736632977356,164736633549373,51,572017,572068,0,10155169068
2107,0,11,164736642977613,164736642977670,164736643424469,57,446799,446856,0,10155169068
2108,0,11,164736652942800,164736652942851,164736653540087,51,597236,597287,0,10155169068
2109,0,11,164736662915060,164736662915111,164736663272638,51,357527,357578,0,10155169068
2110,0,11,164736672925176,164736672925227,164736673289224,51,363997,364048,0,10155169068
2111,0,11,164736682951664,164736682951722,164736683442839,58,491117,491175,0,10155169068
2112,0,11,164736692978319,164736692978376,164736693477696,57,499320,499377,0,10155169068
2113,0,11,164736702914197,164736702914256,164736703498191,59,583935,583994,0,10155169068
2114,0,11,164736712976421,164736712976478,164736713485080,57,508602,508659,0,10155169068
2115,0,11,164736722934436,164736722934487,164736723215742,51,281255,281306,0,10155169068
2116,0,11,164736732930048,164736732930146,164736733566597,98,636451,636549,0,10155169068
2117,0,11,164736742927731,164736742927829,164736743402208,98,474379,474477,0,10155169068
2118,0,11,164736752910371,164736752910453,164736753448057,82,537604,537686,0,10155169068
2119,0,11,164736762925892,164736762925966,164736763400820,74,474854,474928,0,10155169068
2120,0,11,164736772945654,164736772945704,164736773475122,50,529418,529468,0,10155169068
2121,0,11,164736782941094,164736782941156,164736783343501,62,402345,402407,0,10155169068
2122,0,11,164736792945392,164736792945443,164736793460856,51,515413,515464,0,10155169068
2123,0,11,164736802946363,164736802946422,164736803461477,59,515055,515114,0,10155169068
2124,0,11,164736812943414,164736812943465,164736813452982,51,509517,509568,0,10155169068
2125,0,11,164736822938345,164736822938403,164736823427919,58,489516,489574,0,10155169068
2126,0,11,164736832980629,164736832980680,164736833597759,51,617079,617130,0,10155169068
2127,0,11,164736842927661,164736842927712,164736843473750,51,546038,546089,0,10155169068
2128,0,11,164736852933588,164736852933650,164736853519822,62,586172,586234,0,10155169068
2129,0,11,164736862941869,164736862941920,164736863543651,51,601731,601782,0,10155169068
2130,0,11,164736872941026,164736872941084,164736873360111,58,419027,419085,0,10155169068
2131,0,11,164736882981756,164736882981813,164736883616720,57,634907,634964,0,10155169068
2132,0,11,164736892944483,164736892944535,164736893689307,52,744772,744824,0,10155169068
2133,0,11,164736902977622,164736902977673,164736903238672,51,260999,261050,0,10155169068
2134,0,11,164736912983585,164736912983636,164736913318438,51,334802,334853,0,10155169068
2135,0,11,164736922982082,164736922982133,164736923388991,51,406858,406909,0,10155169068
2136,0,11,164736932986013,164736932986064,164736933315862,51,329798,329849,0,10155169068
2137,0,11,164736942962337,164736942962387,164736943422744,50,460357,460407,0,10155169068
2138,0,11,164736952981989,164736952982040,164736953309044,51,327004,327055,0,10155169068
2139,0,11,164736962946066,164736962946150,164736963410916,84,464766,464850,0,10155169068
2140,0,11,164736972980518,164736972980575,164736973260301,57,279726,279783,0,10155169068
2141,0,11,164736982988293,164736982988368,164736983289385,75,301017,301092,0,10155169068
2142,0,11,164736992989939,164736992989998,164736993347340,59,357342,357401,0,10155169068
2143,0,11,164737002928658,164737002928749,164737003522514,91,593765,593856,0,10155169068
2144,0,11,164737012936562,164737012936627,164737013576927,65,640300,640365,0,10155169068
2145,0,11,164737022989653,164737022989719,164737023335882,66,346163,346229,0,10155169068
2146,0,11,164737032954240,164737032954324,164737033285907,84,331583,331667,0,10155169068
2147,0,11,164737042989350,164737042989424,164737043364787,74,375363,375437,0,10155169068
2148,0,11,164737052989536,164737052989608,164737053336622,72,347014,347086,0,10155169068
2149,0,11,164737062999264,164737062999315,164737063351705,51,352390,352441,0,10155169068
2150,0,11,164737072933400,164737072933452,164737073274014,52,340562,340614,0,10155169068
2151,0,11,164737082981445,164737082981497,164737083321183,52,339686,339738,0,10155169068
2152,0,11,164737092979140,164737092979197,164737093431071,57,451874,451931,0,10155169068
2153,0,11,164737102982241,164737102982292,164737103431493,51,449201,449252,0,10155169068
2154,0,11,164737112980209,164737112980260,164737113388676,51,408416,408467,0,10155169068
2155,0,11,164737122978311,164737122978363,164737123459542,52,481179,481231,0,10155169068
2156,0,11,164737132981715,164737132981766,164737133407174,51,425408,425459,0,10155169068
2157,0,11,164737142982949,164737142983001,164737143459768,52,476767,476819,0,10155169068
2158,0,11,164737153044269,164737153044459,164737154166680,190,1122221,1122411,0,10155169068
2159,0,11,164737162999101,164737162999291,164737164252646,190,1253355,1253545,0,10155169068
2160,0,11,164737173046631,164737173046801,164737173363576,170,316775,316945,0,10155169068
2161,0,11,164737182909841,164737182909895,164737183127268,54,217373,217427,0,10155169068
2162,0,11,164737192926844,164737192926896,164737193216929,52,290033,290085,0,10155169068
2163,0,11,164737202983474,164737202983531,164737203319434,57,335903,335960,0,10155169068
2164,0,11,164737212981858,164737212981915,164737213295250,57,313335,313392,0,10155169068
2165,0,11,164737222981032,164737222981082,164737223288176,50,307094,307144,0,10155169068
2166,0,11,164737232984017,164737232984068,164737233292705,51,308637,308688,0,10155169068
2167,0,11,164737242983568,164737242983619,164737243368633,51,385014,385065,0,10155169068
2168,0,11,164737252984709,164737252984766,164737253368308,57,383542,383599,0,10155169068
2169,0,11,164737262914490,164737262914553,164737263371123,63,456570,456633,0,10155169068
2170,0,11,164737272934451,164737272934504,164737273582364,53,647860,647913,0,10155169068
2171,0,11,164737282942689,164737282942741,164737283552562,52,609821,609873,0,10155169068
2172,0,11,164737292922215,164737292922266,164737293565628,51,643362,643413,0,10155169068
2173,0,11,164737302984397,164737302984449,164737303640911,52,656462,656514,0,10155169068
2174,0,11,164737312947568,164737312947619,164737313612970,51,665351,665402,0,10155169068
2175,0,11,164737322939399,164737322939450,164737323660171,51,720721,720772,0,10155169068
2176,0,11,164737332932676,164737332932737,164737333151349,61,218612,218673,0,10155169068
2177,0,11,164737342984199,164737342984250,164737343247450,51,263200,263251,0,10155169068
2178,0,11,164737352987537,164737352987594,164737353318326,57,330732,330789,0,10155169068
2179,0,11,164737362956914,164737362956965,164737363235613,51,278648,278699,0,10155169068
2180,0,11,164737372988608,164737372988659,164737373262485,51,273826,273877,0,10155169068
2181,0,11,164737382984195,164737382984247,164737383246711,52,262464,262516,0,10155169068
2182,0,11,164737392946609,164737392946660,164737393271879,51,325219,325270,0,10155169068
2183,0,11,164737402983637,164737402983688,164737403276851,51,293163,293214,0,10155169068
2184,0,11,164737412985390,164737412985441,164737413458792,51,473351,473402,0,10155169068
2185,0,11,164737422982810,164737422982861,164737423261926,51,279065,279116,0,10155169068
2186,0,11,164737432983807,164737432983858,164737433274502,51,290644,290695,0,10155169068
2187,0,11,164737442983612,164737442983671,164737443337107,59,353436,353495,0,10155169068
2188,0,11,164737452983200,164737452983260,164737453333933,60,350673,350733,0,10155169068
2189,0,11,164737462945168,164737462945219,164737463295853,51,350634,350685,0,10155169068
2190,0,11,164737472951919,164737472951970,164737473230111,51,278141,278192,0,10155169068
2191,0,11,164737482983247,164737482983297,164737483293211,50,309914,309964,0,10155169068
2192,0,11,164737492982475,164737492982526,164737493275098,51,292572,292623,0,10155169068
2193,0,11,164737502930511,164737502930562,164737503211165,51,280603,280654,0,10155169068
2194,0,11,164737512985366,164737512985426,164737513420997,60,435571,435631,0,10155169068
2195,0,11,164737522983122,164737522983174,164737523248909,52,265735,265787,0,10155169068
2196,0,11,164737532955457,164737532955508,164737533309424,51,353916,353967,0,10155169068
2197,0,11,164737543001122,164737543001192,164737543436911,70,435719,435789,0,10155169068
2198,0,11,164737552984312,164737552984362,164737553355117,50,370755,370805,0,10155169068
2199,0,11,164737562951773,164737562951824,164737563377032,51,425208,425259,0,10155169068
2200,0,11,164737572985180,164737572985231,164737573554698,51,569467,569518,0,10155169068
2201,0,11,164737582986066,164737582986123,164737583283751,57,297628,297685,0,10155169068
2202,0,11,164737592989844,164737592989905,164737593304168,61,314263,314324,0,10155169068
2203,0,11,164737602992170,164737602992227,164737603309751,57,317524,317581,0,10155169068
2204,0,11,164737612991742,164737612991807,164737613313276,65,321469,321534,0,10155169068
2205,0,11,164737622988927,164737622988982,164737623305043,55,316061,316116,0,10155169068
2206,0,11,164737632990995,164737632991055,164737633338983,60,347928,347988,0,10155169068
2207,0,11,164737642991034,164737642991091,164737643628804,57,637713,637770,0,10155169068
2208,0,11,164737652992296,164737652992358,164737653650651,62,658293,658355,0,10155169068
2209,0,11,164737662936321,164737662936393,164737663554485,72,618092,618164,0,10155169068
2210,0,11,164737672924314,164737672924389,164737673539166,75,614777,614852,0,10155169068
2211,0,11,164737682950450,164737682950503,164737683596646,53,646143,646196,0,10155169068
2212,0,11,164737692913029,164737692913082,164737693393813,53,480731,480784,0,10155169068
2213,0,11,164737702984982,164737702985039,164737703707003,57,721964,722021,0,10155169068
2214,0,11,164737712984835,164737712984886,164737713707571,51,722685,722736,0,10155169068
2215,0,11,164737722985810,164737722985861,164737723681873,51,696012,696063,0,10155169068
2216,0,11,164737732915173,164737732915223,164737733619172,50,703949,703999,0,10155169068
2217,0,11,164737742956623,164737742956674,164737743591963,51,635289,635340,0,10155169068
2218,0,11,164737752985285,164737752985336,164737753386954,51,401618,401669,0,10155169068
2219,0,11,164737762916510,164737762916587,164737763334431,77,417844,417921,0,10155169068
2220,0,11,164737775741883,164737775741944,164737776213963,61,472019,472080,0,10155169068
2221,0,11,164737782918307,164737782918367,164737783227692,60,309325,309385,0,10155169068
2222,0,11,164737792934448,164737792934520,164737793283352,72,348832,348904,0,10155169068
2223,0,11,164737802989835,164737802989886,164737803493013,51,503127,503178,0,10155169068
2224,0,11,164737812917184,164737812917235,164737813554324,51,637089,637140,0,10155169068
2225,0,11,164737822921160,164737822921211,164737823443884,51,522673,522724,0,10155169068
2226,0,11,164737832989823,164737832989874,164737833458042,51,468168,468219,0,10155169068
2227,0,11,164737842984859,164737842984910,164737843290541,51,305631,305682,0,10155169068
2228,0,11,164737852985955,164737852986007,164737853385952,52,399945,399997,0,10155169068
2229,0,11,164737862986722,164737862986773,164737863409047,51,422274,422325,0,10155169068
2230,0,11,164737872987621,164737872987672,164737873413065,51,425393,425444,0,10155169068
2231,0,11,164737882988644,164737882988695,164737883465483,51,476788,476839,0,10155169068
2232,0,11,164737892948995,164737892949060,164737893484408,65,535348,535413,0,10155169068
2233,0,11,164737902942495,164737902942552,164737903412216,57,469664,469721,0,10155169068
2234,0,11,164737912987349,164737912987400,164737913437479,51,450079,450130,0,10155169068
2235,0,11,164737922944069,164737922944120,164737923376051,51,431931,431982,0,10155169068
2236,0,11,164737932941879,164737932941928,164737933296648,49,354720,354769,0,10155169068
2237,0,11,164737942962940,164737942962998,164737943409847,58,446849,446907,0,10155169068
2238,0,11,164737952960446,164737952960504,164737953435543,58,475039,475097,0,10155169068
2239,0,11,164737962985895,164737962985952,164737963588956,57,603004,603061,0,10155169068
2240,0,11,164737972955966,164737972956016,164737973387526,50,431510,431560,0,10155169068
2241,0,11,164737982985791,164737982985848,164737983460147,57,474299,474356,0,10155169068
2242,0,11,164737992939019,164737992939079,164737993347315,60,408236,408296,0,10155169068
2243,0,11,164738002928747,164738002928807,164738003647619,60,718812,718872,0,10155169068
2244,0,11,164738012936112,164738012936180,164738013637912,68,701732,701800,0,10155169068
2245,0,11,164738022942986,164738022943045,164738023397948,59,454903,454962,0,10155169068
2246,0,11,164738032958175,164738032958248,164738033480546,73,522298,522371,0,10155169068
2247,0,11,164738042926372,164738042926423,164738043602428,51,676005,676056,0,10155169068
2248,0,11,164738052986606,164738052986663,164738053355274,57,368611,368668,0,10155169068
2249,0,11,164738062955074,164738062955125,164738063386185,51,431060,431111,0,10155169068
2250,0,11,164738072987460,164738072987519,164738073434607,59,447088,447147,0,10155169068
2251,0,11,164738082989687,164738082989738,164738083437663,51,447925,447976,0,10155169068
2252,0,11,164738092987065,164738092987117,164738093425933,52,438816,438868,0,10155169068
2253,0,11,164738102988437,164738102988496,164738103576414,59,587918,587977,0,10155169068
2254,0,11,164738112958640,164738112958691,164738113540915,51,582224,582275,0,10155169068
2255,0,11,164738122987116,164738122987175,164738123717671,59,730496,730555,0,10155169068
2256,0,11,164738132990446,164738132990497,164738133431293,51,440796,440847,0,10155169068
2257,0,11,164738142988818,164738142988869,164738143678068,51,689199,689250,0,10155169068
2258,0,11,164738152988963,164738152989021,164738153330886,58,341865,341923,0,10155169068
2259,0,11,164738162989594,164738162989645,164738163294219,51,304574,304625,0,10155169068
2260,0,11,164738172986861,164738172986912,164738173566854,51,579942,579993,0,10155169068
2261,0,11,164738183057931,164738183058097,164738184487314,166,1429217,1429383,0,10155169068
2262,0,11,164738192990935,164738192990987,164738193724179,52,733192,733244,0,10155169068
2263,0,11,164738202989329,164738202989381,164738203678852,52,689471,689523,0,10155169068
2264,0,11,164738212991014,164738212991066,164738213455272,52,464206,464258,0,10155169068
2265,0,11,164738223030048,164738223030213,164738223981152,165,950939,951104,0,10155169068
2266,0,11,164738232991741,164738232991926,164738233670248,185,678322,678507,0,10155169068
2267,0,11,164738243057464,164738243057650,164738243779643,186,721993,722179,0,10155169068
2268,0,11,164738253054304,164738253054489,164738253765191,185,710702,710887,0,10155169068
2269,0,11,164738263062945,164738263063130,164738264245566,185,1182436,1182621,0,10155169068
2270,0,11,164738273058952,164738273059123,164738274169346,171,1110223,1110394,0,10155169068
2271,0,11,164738283061404,164738283061570,164738284401450,166,1339880,1340046,0,10155169068
2272,0,11,164738292922490,164738292922541,164738293926683,51,1004142,1004193,0,10155169068
2273,0,11,164738302918078,164738302918164,164738303452695,86,534531,534617,0,10155169068
2274,0,11,164738312921621,164738312921695,164738314014631,74,1092936,1093010,0,10155169068
2275,0,11,164738322959640,164738322959692,164738323375399,52,415707,415759,0,10155169068
2276,0,11,164738332991097,164738332991148,164738333399866,51,408718,408769,0,10155169068
2277,0,11,164738342991144,164738342991203,164738343467261,59,476058,476117,0,10155169068
2278,0,11,164738352987976,164738352988035,164738353337164,59,349129,349188,0,10155169068
2279,0,11,164738362987803,164738362987860,164738363501907,57,514047,514104,0,10155169068
2280,0,11,164738372954179,164738372954240,164738373204947,61,250707,250768,0,10155169068
2281,0,11,164738382930098,164738382930149,164738383488108,51,557959,558010,0,10155169068
2282,0,11,164738392991698,164738392991756,164738393613438,58,621682,621740,0,10155169068
2283,0,11,164738402949726,164738402949777,164738403525416,51,575639,575690,0,10155169068
2284,0,11,164738412934835,164738412934902,164738413495364,67,560462,560529,0,10155169068
2285,0,11,164738422942358,164738422942399,164738423850467,41,908068,908109,0,10155169068
2286,0,11,164738432939182,164738432939223,164738433728573,41,789350,789391,0,10155169068
2287,0,11,164738442990765,164738442990818,164738443584342,53,593524,593577,0,10155169068
2288,0,11,164738452987983,164738452988035,164738453387679,52,399644,399696,0,10155169068
2289,0,11,164738462964096,164738462964155,164738463331920,59,367765,367824,0,10155169068
2290,0,11,164738472958656,164738472958713,164738473323819,57,365106,365163,0,10155169068
2291,0,11,164738482990332,164738482990384,164738483354833,52,364449,364501,0,10155169068
2292,0,11,164738492965918,164738492965970,164738493324150,52,358180,358232,0,10155169068
2293,0,11,164738502990069,164738502990122,164738503355880,53,365758,365811,0,10155169068
2294,0,11,164738512992207,164738512992258,164738513364287,51,372029,372080,0,10155169068
2295,0,11,164738522954819,164738522954870,164738523306420,51,351550,351601,0,10155169068
2296,0,11,164738532993068,164738532993121,164738533366811,53,373690,373743,0,10155169068
2297,0,11,164738542992781,164738542992832,164738543342042,51,349210,349261,0,10155169068
2298,0,11,164738552991054,164738552991106,164738553328129,52,337023,337075,0,10155169068
2299,0,11,164738562955442,164738562955493,164738563315148,51,359655,359706,0,10155169068
2300,0,11,164738572992171,164738572992222,164738573356665,51,364443,364494,0,10155169068
2301,0,11,164738582992892,164738582992943,164738583433945,51,441002,441053,0,10155169068
2302,0,11,164738592948708,164738592948759,164738593279092,51,330333,330384,0,10155169068
2303,0,11,164738602961522,164738602961574,164738603471548,52,509974,510026,0,10155169068
2304,0,11,164738612992450,164738612992501,164738613654016,51,661515,661566,0,10155169068
2305,0,11,164738622944024,164738622944075,164738623753714,51,809639,809690,0,10155169068
2306,0,11,164738632965646,164738632965697,164738633667055,51,701358,701409,0,10155169068
2307,0,11,164738642965373,164738642965424,164738643336443,51,371019,371070,0,10155169068
2308,0,11,164738652992250,164738652992303,164738653408418,53,416115,416168,0,10155169068
2309,0,11,164738663009913,164738663010078,164738664463391,165,1453313,1453478,0,10155169068
2310,0,11,164738673062065,164738673062250,164738674353463,185,1291213,1291398,0,10155169068
2311,0,11,164738683057346,164738683057511,164738684463885,165,1406374,1406539,0,10155169068
2312,0,11,164738693023173,164738693023343,164738694602628,170,1579285,1579455,0,10155169068
2313,0,11,164738702994607,164738702994666,164738703718420,59,723754,723813,0,10155169068
2314,0,11,164738712994326,164738712994377,164738713711182,51,716805,716856,0,10155169068
2315,0,11,164738722992545,164738722992605,164738723573097,60,580492,580552,0,10155169068
2316,0,11,164738732992670,164738732992721,164738733732938,51,740217,740268,0,10155169068
2317,0,11,164738742994874,164738742994934,164738744575934,60,1581000,1581060,0,10155169068
2318,0,11,164738753030263,164738753030449,164738754891196,186,1860747,1860933,0,10155169068
2319,0,11,164738763003899,164738763004064,164738764743280,165,1739216,1739381,0,10155169068
2320,0,11,164738773002337,164738773002502,164738774888027,165,1885525,1885690,0,10155169068
2321,0,11,164738782984437,164738782984707,164738783979097,270,994390,994660,0,10155169068
2322,0,11,164738792992171,164738792992336,164738793905959,165,913623,913788,0,10155169068
2323,0,11,164738803061223,164738803061388,164738804144074,165,1082686,1082851,0,10155169068
2324,0,11,164738812957607,164738812957663,164738813560904,56,603241,603297,0,10155169068
2325,0,11,164738822925301,164738822925342,164738823526143,41,600801,600842,0,10155169068
2326,0,11,164738833190607,164738833190667,164738834319720,60,1129053,1129113,0,10155169068
2327,0,11,164738842940398,164738842940468,164738843404773,70,464305,464375,0,10155169068
2328,0,11,164738852970646,164738852970697,164738853377976,51,407279,407330,0,10155169068
2329,0,11,164738862994968,164738862995021,164738863377185,53,382164,382217,0,10155169068
2330,0,11,164738872958696,164738872958753,164738873359810,57,401057,401114,0,10155169068
2331,0,11,164738882994348,164738882994407,164738883388056,59,393649,393708,0,10155169068
2332,0,11,164738892994636,164738892994693,164738893303441,57,308748,308805,0,10155169068
2333,0,11,164738902965847,164738902965906,164738903260234,59,294328,294387,0,10155169068
2334,0,11,164738912992363,164738912992414,164738913277083,51,284669,284720,0,10155169068
2335,0,11,164738922991395,164738922991455,164738923361879,60,370424,370484,0,10155169068
2336,0,11,164738932993360,164738932993413,164738933328680,53,335267,335320,0,10155169068
2337,0,11,164738942938849,164738942938902,164738943477748,53,538846,538899,0,10155169068
2338,0,11,164738952950796,164738952950853,164738953420611,57,469758,469815,0,10155169068
2339,0,11,164738962995352,164738962995409,164738963619176,57,623767,623824,0,10155169068
2340,0,11,164738972994610,164738972994662,164738973493196,52,498534,498586,0,10155169068
2341,0,11,164738983010965,164738983011035,164738983536596,70,525561,525631,0,10155169068
2342,0,11,164738992954050,164738992954101,164738993310169,51,356068,356119,0,10155169068
2343,0,11,164739002990186,164739002990262,164739003615217,76,624955,625031,0,10155169068
2344,0,11,164739012992870,164739012992921,164739013630287,51,637366,637417,0,10155169068
2345,0,11,164739022994720,164739022994772,164739023651407,52,656635,656687,0,10155169068
2346,0,11,164739032969696,164739032969768,164739033683909,72,714141,714213,0,10155169068
2347,0,11,164739042995877,164739042995928,164739043681697,51,685769,685820,0,10155169068
2348,0,11,164739052958911,164739052958962,164739053241488,51,282526,282577,0,10155169068
2349,0,11,164739062930315,164739062930378,164739063179260,63,248882,248945,0,10155169068
2350,0,11,164739072959974,164739072960025,164739073313454,51,353429,353480,0,10155169068
2351,0,11,164739082998199,164739082998250,164739083324869,51,326619,326670,0,10155169068
2352,0,11,164739092968072,164739092968123,164739093199137,51,231014,231065,0,10155169068
2353,0,11,164739103001788,164739103001839,164739103354911,51,353072,353123,0,10155169068
2354,0,11,164739112967203,164739112967254,164739113272156,51,304902,304953,0,10155169068
2355,0,11,164739122928726,164739122928778,164739123207119,52,278341,278393,0,10155169068
2356,0,11,164739132999832,164739132999890,164739133292567,58,292677,292735,0,10155169068
2357,0,11,164739142995386,164739142995438,164739143341140,52,345702,345754,0,10155169068
2358,0,11,164739152996442,164739152996493,164739153366948,51,370455,370506,0,10155169068
2359,0,11,164739162940484,164739162940536,164739163333664,52,393128,393180,0,10155169068
2360,0,11,164739172963853,164739172963913,164739173352185,60,388272,388332,0,10155169068
2361,0,11,164739182996356,164739182996414,164739183441581,58,445167,445225,0,10155169068
2362,0,11,164739192995506,164739192995556,164739193369577,50,374021,374071,0,10155169068
2363,0,11,164739202995992,164739202996049,164739203360950,57,364901,364958,0,10155169068
2364,0,11,164739213034256,164739213034313,164739213586164,57,551851,551908,0,10155169068
2365,0,11,164739222995270,164739222995322,164739223583510,52,588188,588240,0,10155169068
2366,0,11,164739232997091,164739232997143,164739233572046,52,574903,574955,0,10155169068
2367,0,11,164739242930937,164739242930989,164739243650191,52,719202,719254,0,10155169068
2368,0,11,164739252955239,164739252955291,164739253499039,52,543748,543800,0,10155169068
2369,0,11,164739262984394,164739262984445,164739263587788,51,603343,603394,0,10155169068
2370,0,11,164739272959881,164739272959960,164739273405418,79,445458,445537,0,10155169068
2371,0,11,164739282931985,164739282932048,164739283577774,63,645726,645789,0,10155169068
2372,0,11,164739292927422,164739292927464,164739294141685,42,1214221,1214263,0,10155169068
2373,0,11,164739302997384,164739302997435,164739303586677,51,589242,589293,0,10155169068
2374,0,11,164739312962065,164739312962115,164739313633034,50,670919,670969,0,10155169068
2375,0,11,164739322946701,164739322946752,164739323482871,51,536119,536170,0,10155169068
2376,0,11,164739332998311,164739332998368,164739333580866,57,582498,582555,0,10155169068
2377,0,11,164739342997335,164739342997393,164739343672876,58,675483,675541,0,10155169068
2378,0,11,164739352994623,164739352994676,164739353675535,53,680859,680912,0,10155169068
2379,0,11,164739362979650,164739362979701,164739363657998,51,678297,678348,0,10155169068
2380,0,11,164739372958113,164739372958199,164739373696807,86,738608,738694,0,10155169068
2381,0,11,164739382999043,164739382999094,164739383478701,51,479607,479658,0,10155169068
2382,0,11,164739392973254,164739392973305,164739393403560,51,430255,430306,0,10155169068
2383,0,11,164739402998021,164739402998078,164739403407988,57,409910,409967,0,10155169068
2384,0,11,164739412961367,164739412961418,164739413280940,51,319522,319573,0,10155169068
2385,0,11,164739422998056,164739422998115,164739423293843,59,295728,295787,0,10155169068
2386,0,11,164739432975577,164739432975628,164739433297086,51,321458,321509,0,10155169068
2387,0,11,164739442999236,164739442999293,164739443288556,57,289263,289320,0,10155169068
2388,0,11,164739452999051,164739452999102,164739453278084,51,278982,279033,0,10155169068
2389,0,11,164739462948712,164739462948764,164739463726364,52,777600,777652,0,10155169068
2390,0,11,164739472962079,164739472962245,164739473541512,166,579267,579433,0,10155169068
2391,0,11,164739483017118,164739483017284,164739485391517,166,2374233,2374399,0,10155169068
2392,0,11,164739493061152,164739493061322,164739494708189,170,1646867,1647037,0,10155169068
2393,0,11,164739502965792,164739502965958,164739504883507,166,1917549,1917715,0,10155169068
2394,0,11,164739513088559,164739513088749,164739515424783,190,2336034,2336224,0,10155169068
2395,0,11,164739522999943,164739522999996,164739523684070,53,684074,684127,0,10155169068
2396,0,11,164739532965464,164739532965515,164739533331684,51,366169,366220,0,10155169068
2397,0,11,164739543008346,164739543008403,164739544105560,57,1097157,1097214,0,10155169068
2398,0,11,164739553018633,164739553018798,164739554599136,165,1580338,1580503,0,10155169068
2399,0,11,164739563066735,164739563066906,164739565292820,171,2225914,2226085,0,10155169068
2400,0,11,164739572989273,164739572989438,164739573541508,165,552070,552235,0,10155169068
2401,0,11,164739582965619,164739582965820,164739584319101,201,1353281,1353482,0,10155169068
2402,0,11,164739593061117,164739593061288,164739594077257,171,1015969,1016140,0,10155169068
2403,0,11,164739603069428,164739603069618,164739604402943,190,1333325,1333515,0,10155169068
2404,0,11,164739613067911,164739613068081,164739614426465,170,1358384,1358554,0,10155169068
2405,0,11,164739623024903,164739623024971,164739623480427,68,455456,455524,0,10155169068
2406,0,11,164739632999021,164739632999072,164739633615227,51,616155,616206,0,10155169068
2407,0,11,164739643000882,164739643000933,164739643510068,51,509135,509186,0,10155169068
2408,0,11,164739652955322,164739652955373,164739653284821,51,329448,329499,0,10155169068
2409,0,11,164739663000211,164739663000261,164739663622847,50,622586,622636,0,10155169068
2410,0,11,164739672999890,164739672999948,164739673582911,58,582963,583021,0,10155169068
2411,0,11,164739683000782,164739683000833,164739683586936,51,586103,586154,0,10155169068
2412,0,11,164739693001837,164739693001886,164739693628632,49,626746,626795,0,10155169068
2413,0,11,164739702963551,164739702963633,164739703600304,82,636671,636753,0,10155169068
2414,0,11,164739712963798,164739712963849,164739713406149,51,442300,442351,0,10155169068
2415,0,11,164739722963996,164739722964047,164739723428491,51,464444,464495,0,10155169068
2416,0,11,164739733002877,164739733002928,164739733512180,51,509252,509303,0,10155169068
2417,0,11,164739742960222,164739742960273,164739743276257,51,315984,316035,0,10155169068
2418,0,11,164739753001781,164739753001841,164739753491536,60,489695,489755,0,10155169068
2419,0,11,164739763002726,164739763002786,164739763374574,60,371788,371848,0,10155169068
2420,0,11,164739772965450,164739772965501,164739773364996,51,399495,399546,0,10155169068
2421,0,11,164739782999843,164739782999894,164739784237703,51,1237809,1237860,0,10155169068
2422,0,11,164739793065959,164739793066124,164739794536331,165,1470207,1470372,0,10155169068
2423,0,11,164739803071408,164739803071573,164739804494090,165,1422517,1422682,0,10155169068
2424,0,11,164739813010749,164739813010924,164739814190964,175,1180040,1180215,0,10155169068
2425,0,11,164739823069461,164739823069627,164739824655412,166,1585785,1585951,0,10155169068
2426,0,11,164739833003114,164739833003165,164739833668165,51,665000,665051,0,10155169068
2427,0,11,164739843020354,164739843020438,164739843715848,84,695410,695494,0,10155169068
2428,0,11,164739852921154,164739852921214,164739853684112,60,762898,762958,0,10155169068
2429,0,11,164739862949125,164739862949199,164739863603165,74,653966,654040,0,10155169068
2430,0,11,164739872954650,164739872954701,164739873482494,51,527793,527844,0,10155169068
2431,0,11,164739883002269,164739883002329,164739883384843,60,382514,382574,0,10155169068
2432,0,11,164739892965931,164739892965982,164739893228222,51,262240,262291,0,10155169068
2433,0,11,164739903000851,164739903000902,164739903355937,51,355035,355086,0,10155169068
2434,0,11,164739913001014,164739913001072,164739913363130,58,362058,362116,0,10155169068
2435,0,11,164739923001523,164739923001574,164739923569734,51,568160,568211,0,10155169068
2436,0,11,164739933002132,164739933002182,164739933382143,50,379961,380011,0,10155169068
2437,0,11,164739942974663,164739942974714,164739943360486,51,385772,385823,0,10155169068
2438,0,11,164739953003448,164739953003499,164739953454618,51,451119,451170,0,10155169068
2439,0,11,164739963008576,164739963008632,164739963397234,56,388602,388658,0,10155169068
2440,0,11,164739973003573,164739973003626,164739973390875,53,387249,387302,0,10155169068
2441,0,11,164739983004552,164739983004609,164739983385609,57,381000,381057,0,10155169068
2442,0,11,164739992956580,164739992956630,164739993315018,50,358388,358438,0,10155169068
2443,0,11,164740002940648,164740002940725,164740004678751,77,1738026,1738103,0,10155169068
2444,0,11,164740012974397,164740012974450,164740013233000,53,258550,258603,0,10155169068
2445,0,11,164740022999119,164740022999170,164740023364171,51,365001,365052,0,10155169068
2446,0,11,164740032971928,164740032971993,164740033333077,65,361084,361149,0,10155169068
2447,0,11,164740043000917,164740043000975,164740043532853,58,531878,531936,0,10155169068
2448,0,11,164740053002765,164740053002824,164740053376825,59,374001,374060,0,10155169068
2449,0,11,164740062966047,164740062966108,164740063325660,61,359552,359613,0,10155169068
2450,0,11,164740072952405,164740072952473,164740073157223,68,204750,204818,0,10155169068
2451,0,11,164740083002389,164740083002447,164740083547103,58,544656,544714,0,10155169068
2452,0,11,164740093070836,164740093071021,164740094846676,185,1775655,1775840,0,10155169068
2453,0,11,164740103071814,164740103071985,164740104816573,171,1744588,1744759,0,10155169068
2454,0,11,164740113068453,164740113068618,164740113779691,165,711073,711238,0,10155169068
2455,0,11,164740123072283,164740123072449,164740124443286,166,1370837,1371003,0,10155169068
2456,0,11,164740133006036,164740133006202,164740134634616,166,1628414,1628580,0,10155169068
2457,0,11,164740142963304,164740142963367,164740143492317,63,528950,529013,0,10155169068
2458,0,11,164740153003214,164740153003265,164740153301766,51,298501,298552,0,10155169068
2459,0,11,164740162974100,164740162974151,164740163266903,51,292752,292803,0,10155169068
2460,0,11,164740172974465,164740172974516,164740173305432,51,330916,330967,0,10155169068
2461,0,11,164740183003636,164740183003688,164740183297291,52,293603,293655,0,10155169068
2462,0,11,164740193006152,164740193006204,164740193333918,52,327714,327766,0,10155169068
2463,0,11,164740203002947,164740203002998,164740203295043,51,292045,292096,0,10155169068
2464,0,11,164740213002475,164740213002532,164740213293775,57,291243,291300,0,10155169068
2465,0,11,164740223002291,164740223002348,164740223287596,57,285248,285305,0,10155169068
2466,0,11,164740233005341,164740233005392,164740233296765,51,291373,291424,0,10155169068
2467,0,11,164740243006460,164740243006511,164740243297874,51,291363,291414,0,10155169068
2468,0,11,164740252954653,164740252954704,164740253214445,51,259741,259792,0,10155169068
2469,0,11,164740263005870,164740263005921,164740263266470,51,260549,260600,0,10155169068
2470,0,11,164740273003721,164740273003772,164740273313213,51,309441,309492,0,10155169068
2471,0,11,164740282951457,164740282951516,164740283408510,59,456994,457053,0,10155169068
2472,0,11,164740293003183,164740293003234,164740293435749,51,432515,432566,0,10155169068
2473,0,11,164740303004432,164740303004489,164740303432427,57,427938,427995,0,10155169068
2474,0,11,164740312968393,164740312968443,164740313377373,50,408930,408980,0,10155169068
2475,0,11,164740322969862,164740322969913,164740323219749,51,249836,249887,0,10155169068
2476,0,11,164740333005569,164740333005621,164740333291704,52,286083,286135,0,10155169068
2477,0,11,164740343006407,164740343006460,164740343411256,53,404796,404849,0,10155169068
2478,0,11,164740353006103,164740353006156,164740353337915,53,331759,331812,0,10155169068
2479,0,11,164740363004326,164740363004377,164740363423228,51,418851,418902,0,10155169068
2480,0,11,164740373001772,164740373001829,164740373469501,57,467672,467729,0,10155169068
2481,0,11,164740383005741,164740383005792,164740383433659,51,427867,427918,0,10155169068
2482,0,11,164740393007492,164740393007543,164740393428012,51,420469,420520,0,10155169068
2483,0,11,164740403007692,164740403007743,164740403427939,51,420196,420247,0,10155169068
2484,0,11,164740413004889,164740413004940,164740413430395,51,425455,425506,0,10155169068
2485,0,11,164740422951461,164740422951546,164740423375620,85,424074,424159,0,10155169068
2486,0,11,164740433007731,164740433007784,164740433433663,53,425879,425932,0,10155169068
2487,0,11,164740442964100,164740442964141,164740443368261,41,404120,404161,0,10155169068
2488,0,11,164740452935594,164740452935635,164740453635583,41,699948,699989,0,10155169068
2489,0,11,164740462946998,164740462947049,164740463617335,51,670286,670337,0,10155169068
2490,0,11,164740472976501,164740472976552,164740473547735,51,571183,571234,0,10155169068
2491,0,11,164740483006250,164740483006300,164740483659413,50,653113,653163,0,10155169068
2492,0,11,164740492962503,164740492962562,164740493506237,59,543675,543734,0,10155169068
2493,0,11,164740503008243,164740503008295,164740503646286,52,637991,638043,0,10155169068
2494,0,11,164740513006966,164740513007016,164740513663675,50,656659,656709,0,10155169068
2495,0,11,164740523002857,164740523002908,164740523686623,51,683715,683766,0,10155169068
2496,0,11,164740533006137,164740533006187,164740533297424,50,291237,291287,0,10155169068
2497,0,11,164740543006404,164740543006463,164740543295494,59,289031,289090,0,10155169068
2498,0,11,164740553006477,164740553006527,164740553300251,50,293724,293774,0,10155169068
2499,0,11,164740563008594,164740563008645,164740563288734,51,280089,280140,0,10155169068
2500,0,11,164740573007517,164740573007568,164740573297975,51,290407,290458,0,10155169068
2501,0,11,164740583007190,164740583007240,164740583329922,50,322682,322732,0,10155169068
2502,0,11,164740593007402,164740593007452,164740593337769,50,330317,330367,0,10155169068
2503,0,11,164740603005937,164740603005987,164740603336034,50,330047,330097,0,10155169068
2504,0,11,164740613007319,164740613007377,164740613472149,58,464772,464830,0,10155169068
2505,0,11,164740622976529,164740622976580,164740623438939,51,462359,462410,0,10155169068
2506,0,11,164740633007019,164740633007072,164740633523047,53,515975,516028,0,10155169068
2507,0,11,164740643009613,164740643009672,164740643513412,59,503740,503799,0,10155169068
2508,0,11,164740653041606,164740653041657,164740653565644,51,523987,524038,0,10155169068
2509,0,11,164740663008739,164740663008790,164740663645580,51,636790,636841,0,10155169068
2510,0,11,164740673007106,164740673007157,164740673501812,51,494655,494706,0,10155169068
2511,0,11,164740683005906,164740683005958,164740683502429,52,496471,496523,0,10155169068
2512,0,11,164740693010360,164740693010417,164740693506824,57,496407,496464,0,10155169068
2513,0,11,164740703007175,164740703007226,164740703584280,51,577054,577105,0,10155169068
2514,0,11,164740713007258,164740713007309,164740713441316,51,434007,434058,0,10155169068
2515,0,11,164740723008541,164740723008592,164740723502015,51,493423,493474,0,10155169068
2516,0,11,164740733007063,164740733007114,164740733503412,51,496298,496349,0,10155169068
2517,0,11,164740743007161,164740743007212,164740743498986,51,491774,491825,0,10155169068
2518,0,11,164740752956124,164740752956177,164740753441383,53,485206,485259,0,10155169068
2519,0,11,164740762943029,164740762943080,164740763327231,51,384151,384202,0,10155169068
2520,0,11,164740772942967,164740772943024,164740773497489,57,554465,554522,0,10155169068
2521,0,11,164740782966540,164740782966591,164740783468423,51,501832,501883,0,10155169068
2522,0,11,164740792976568,164740792976619,164740793410567,51,433948,433999,0,10155169068
2523,0,11,164740803009735,164740803009786,164740803613922,51,604136,604187,0,10155169068
2524,0,11,164740812973275,164740812973326,164740813543073,51,569747,569798,0,10155169068
2525,0,11,164740822972820,164740822972889,164740823319770,69,346881,346950,0,10155169068
2526,0,11,164740833013118,164740833013168,164740833447969,50,434801,434851,0,10155169068
2527,0,11,164740843013208,164740843013259,164740843405152,51,391893,391944,0,10155169068
2528,0,11,164740853013868,164740853013920,164740853592210,52,578290,578342,0,10155169068
2529,0,11,164740862956908,164740862956994,164740863559981,86,602987,603073,0,10155169068
2530,0,11,164740872944251,164740872944315,164740873669189,64,724874,724938,0,10155169068
2531,0,11,164740882967242,164740882967315,164740883376908,73,409593,409666,0,10155169068
2532,0,11,164740892969207,164740892969273,164740893371347,66,402074,402140,0,10155169068
2533,0,11,164740902968160,164740902968211,164740903473662,51,505451,505502,0,10155169068
2534,0,11,164740912977796,164740912977847,164740913667948,51,690101,690152,0,10155169068
2535,0,11,164740922967351,164740922967408,164740923594972,57,627564,627621,0,10155169068
2536,0,11,164740932964022,164740932964080,164740933379036,58,414956,415014,0,10155169068
2537,0,11,164740942954734,164740942954785,164740943411086,51,456301,456352,0,10155169068
2538,0,11,164740952961826,164740952961877,164740953204978,51,243101,243152,0,10155169068
2539,0,11,164740963007685,164740963007742,164740963288024,57,280282,280339,0,10155169068
2540,0,11,164740972994615,164740972994666,164740973287292,51,292626,292677,0,10155169068
2541,0,11,164740983010123,164740983010174,164740983310385,51,300211,300262,0,10155169068
2542,0,11,164740993056828,164740993056879,164740993384833,51,327954,328005,0,10155169068
2543,0,11,164741003049158,164741003049218,164741003779137,60,729919,729979,0,10155169068
2544,0,11,164741012948834,164741012948885,164741013267700,51,318815,318866,0,10155169068
2545,0,11,164741023035163,164741023035218,164741023400351,55,365133,365188,0,10155169068
2546,0,11,164741033011600,164741033011665,164741033321173,65,309508,309573,0,10155169068
2547,0,11,164741043010767,164741043010818,164741043310761,51,299943,299994,0,10155169068
2548,0,11,164741053012934,164741053012993,164741053328507,59,315514,315573,0,10155169068
2549,0,11,164741062975237,164741062975288,164741063274488,51,299200,299251,0,10155169068
2550,0,11,164741072930959,164741072931010,164741073160830,51,229820,229871,0,10155169068
2551,0,11,164741082956254,164741082956305,164741083299243,51,342938,342989,0,10155169068
2552,0,11,164741093011536,164741093011587,164741093370065,51,358478,358529,0,10155169068
2553,0,11,164741103037071,164741103037122,164741103498054,51,460932,460983,0,10155169068
2554,0,11,164741113008837,164741113008890,164741113481169,53,472279,472332,0,10155169068
2555,0,11,164741123009755,164741123009805,164741123508076,50,498271,498321,0,10155169068
2556,0,11,164741133013054,164741133013106,164741133724794,52,711688,711740,0,10155169068
2557,0,11,164741143027040,164741143027112,164741143669149,72,642037,642109,0,10155169068
2558,0,11,164741153023995,164741153024077,164741153639895,82,615818,615900,0,10155169068
2559,0,11,164741162954855,164741162954913,164741163408989,58,454076,454134,0,10155169068
2560,0,11,164741173012044,164741173012096,164741173555639,52,543543,543595,0,10155169068
2561,0,11,164741183010659,164741183010711,164741183547572,52,536861,536913,0,10155169068
2562,0,11,164741193008823,164741193008874,164741193551072,51,542198,542249,0,10155169068
2563,0,11,164741203009862,164741203009913,164741203617258,51,607345,607396,0,10155169068
2564,0,11,164741213012690,164741213012747,164741213469565,57,456818,456875,0,10155169068
2565,0,11,164741223024532,164741223024607,164741223861384,75,836777,836852,0,10155169068
2566,0,11,164741233024775,164741233024850,164741233509527,75,484677,484752,0,10155169068
2567,0,11,164741243025085,164741243025167,164741243655482,82,630315,630397,0,10155169068
2568,0,11,164741253024766,164741253024848,164741253827028,82,802180,802262,0,10155169068
2569,0,11,164741263010387,164741263010438,164741263591361,51,580923,580974,0,10155169068
2570,0,11,164741273011173,164741273011226,164741273630859,53,619633,619686,0,10155169068
2571,0,11,164741283014217,164741283014268,164741283586181,51,571913,571964,0,10155169068
2572,0,11,164741293023209,164741293023283,164741293925514,74,902231,902305,0,10155169068
2573,0,11,164741303028616,164741303028690,164741303820633,74,791943,792017,0,10155169068
2574,0,11,164741312989500,164741312989572,164741313820445,72,830873,830945,0,10155169068
2575,0,11,164741323023377,164741323023451,164741323951868,74,928417,928491,0,10155169068
2576,0,11,164741332992257,164741332992332,164741333783755,75,791423,791498,0,10155169068
2577,0,11,164741343025689,164741343025761,164741343814355,72,788594,788666,0,10155169068
2578,0,11,164741353028298,164741353028374,164741353958981,76,930607,930683,0,10155169068
2579,0,11,164741363029555,164741363029629,164741363926961,74,897332,897406,0,10155169068
2580,0,11,164741373010235,164741373010285,164741373582489,50,572204,572254,0,10155169068
2581,0,11,164741383013011,164741383013071,164741383589108,60,576037,576097,0,10155169068
2582,0,11,164741392953553,164741392953602,164741393678640,49,725038,725087,0,10155169068
2583,0,11,164741402957397,164741402957465,164741404149044,68,1191579,1191647,0,10155169068
2584,0,11,164741412947341,164741412947424,164741413662918,83,715494,715577,0,10155169068
2585,0,11,164741422972877,164741422972928,164741423692796,51,719868,719919,0,10155169068
2586,0,11,164741432977593,164741432977651,164741433348464,58,370813,370871,0,10155169068
2587,0,11,164741443015266,164741443015317,164741443411398,51,396081,396132,0,10155169068
2588,0,11,164741452985679,164741452985729,164741453366836,50,381107,381157,0,10155169068
2589,0,11,164741462992289,164741462992342,164741463315079,53,322737,322790,0,10155169068
2590,0,11,164741472981670,164741472981722,164741473317479,52,335757,335809,0,10155169068
2591,0,11,164741483012962,164741483013019,164741483474314,57,461295,461352,0,10155169068
2592,0,11,164741492978062,164741492978113,164741493457489,51,479376,479427,0,10155169068
2593,0,11,164741502963648,164741502963699,164741503503143,51,539444,539495,0,10155169068
2594,0,11,164741513012585,164741513012643,164741513532338,58,519695,519753,0,10155169068
2595,0,11,164741522974936,164741522974987,164741523499510,51,524523,524574,0,10155169068
2596,0,11,164741533016232,164741533016289,164741533592523,57,576234,576291,0,10155169068
2597,0,11,164741543012411,164741543012469,164741543657046,58,644577,644635,0,10155169068
2598,0,11,164741553013314,164741553013366,164741553689936,52,676570,676622,0,10155169068
2599,0,11,164741562947608,164741562947657,164741563254825,49,307168,307217,0,10155169068
2600,0,11,164741572967599,164741572967658,164741573287091,59,319433,319492,0,10155169068
2601,0,11,164741583016811,164741583016868,164741583395443,57,378575,378632,0,10155169068
2602,0,11,164741592970586,164741592970638,164741593577728,52,607090,607142,0,10155169068
2603,0,11,164741603017471,164741603017528,164741603488367,57,470839,470896,0,10155169068
2604,0,11,164741613015285,164741613015338,164741613402951,53,387613,387666,0,10155169068
2605,0,11,164741623013548,164741623013599,164741623430717,51,417118,417169,0,10155169068
2606,0,11,164741633012186,164741633012243,164741633518961,57,506718,506775,0,10155169068
2607,0,11,164741643014789,164741643014840,164741643551296,51,536456,536507,0,10155169068
2608,0,11,164741653013091,164741653013140,164741653520967,49,507827,507876,0,10155169068
2609,0,11,164741663015546,164741663015596,164741663556732,50,541136,541186,0,10155169068
2610,0,11,164741673014871,164741673014922,164741673519915,51,504993,505044,0,10155169068
2611,0,11,164741683017508,164741683017566,164741683373909,58,356343,356401,0,10155169068
2612,0,11,164741692971441,164741692971492,164741693311268,51,339776,339827,0,10155169068
2613,0,11,164741703021234,164741703021286,164741703582743,52,561457,561509,0,10155169068
2614,0,11,164741713019352,164741713019411,164741713384810,59,365399,365458,0,10155169068
2615,0,11,164741723016877,164741723016929,164741723379595,52,362666,362718,0,10155169068
2616,0,11,164741733016992,164741733017052,164741733372360,60,355308,355368,0,10155169068
2617,0,11,164741742984620,164741742984672,164741743506207,52,521535,521587,0,10155169068
2618,0,11,164741753014612,164741753014669,164741753546941,57,532272,532329,0,10155169068
2619,0,11,164741763014109,164741763014160,164741763556648,51,542488,542539,0,10155169068
2620,0,11,164741773016485,164741773016542,164741773562148,57,545606,545663,0,10155169068
2621,0,11,164741783016646,164741783016703,164741783723992,57,707289,707346,0,10155169068
2622,0,11,164741792973234,164741792973287,164741793576596,53,603309,603362,0,10155169068
2623,0,11,164741803013896,164741803013955,164741803482322,59,468367,468426,0,10155169068
2624,0,11,164741812961595,164741812961646,164741813507078,51,545432,545483,0,10155169068
2625,0,11,164741822976350,164741822976400,164741823365353,50,388953,389003,0,10155169068
2626,0,11,164741832986497,164741832986548,164741833371180,51,384632,384683,0,10155169068
2627,0,11,164741843016200,164741843016250,164741843487333,50,471083,471133,0,10155169068
2628,0,11,164741852993939,164741852993990,164741853625654,51,631664,631715,0,10155169068
2629,0,11,164741863029133,164741863029298,164741863739835,165,710537,710702,0,10155169068
2630,0,11,164741873083265,164741873083435,164741873859534,170,776099,776269,0,10155169068
2631,0,11,164741883018571,164741883018622,164741883332745,51,314123,314174,0,10155169068
2632,0,11,164741892942832,164741892942882,164741893295207,50,352325,352375,0,10155169068
2633,0,11,164741903015514,164741903015565,164741903402692,51,387127,387178,0,10155169068
2634,0,11,164741913015353,164741913015412,164741913474027,59,458615,458674,0,10155169068
2635,0,11,164741922954204,164741922954279,164741923392785,75,438506,438581,0,10155169068
2636,0,11,164741934123260,164741934123334,164741934732736,74,609402,609476,0,10155169068
2637,0,11,164741942965271,164741942965312,164741943547777,41,582465,582506,0,10155169068
2638,0,11,164741952980396,164741952980447,164741953379432,51,398985,399036,0,10155169068
2639,0,11,164741963018317,164741963018368,164741963496992,51,478624,478675,0,10155169068
2640,0,11,164741973015970,164741973016022,164741973584809,52,568787,568839,0,10155169068
2641,0,11,164741983017715,164741983017772,164741983463816,57,446044,446101,0,10155169068
2642,0,11,164741992965441,164741992965492,164741993434397,51,468905,468956,0,10155169068
2643,0,11,164742002959521,164742002959595,164742003383918,74,424323,424397,0,10155169068
2644,0,11,164742012984597,164742012984649,164742013381285,52,396636,396688,0,10155169068
2645,0,11,164742023017260,164742023017309,164742023594582,49,577273,577322,0,10155169068
2646,0,11,164742033019771,164742033019844,164742033590455,73,570611,570684,0,10155169068
2647,0,11,164742043028361,164742043028420,164742043584336,59,555916,555975,0,10155169068
2648,0,11,164742053019653,164742053019704,164742053550221,51,530517,530568,0,10155169068
2649,0,11,164742062983284,164742062983346,164742063586977,62,603631,603693,0,10155169068
2650,0,11,164742072988645,164742072988702,164742073700515,57,711813,711870,0,10155169068
2651,0,11,164742082973345,164742082973395,164742083249922,50,276527,276577,0,10155169068
2652,0,11,164742093020810,164742093020868,164742093301678,58,280810,280868,0,10155169068
2653,0,11,164742103019585,164742103019636,164742103375659,51,356023,356074,0,10155169068
2654,0,11,164742113018573,164742113018631,164742113310081,58,291450,291508,0,10155169068
2655,0,11,164742122994187,164742122994244,164742123270126,57,275882,275939,0,10155169068
2656,0,11,164742133023809,164742133023866,164742133379638,57,355772,355829,0,10155169068
2657,0,11,164742143019923,164742143019974,164742143377842,51,357868,357919,0,10155169068
2658,0,11,164742152975211,164742152975298,164742153353141,87,377843,377930,0,10155169068
2659,0,11,164742163022479,164742163022536,164742163376585,57,354049,354106,0,10155169068
2660,0,11,164742172974537,164742172974594,164742173383825,57,409231,409288,0,10155169068
2661,0,11,164742183029847,164742183030288,164742183507309,441,477021,477462,0,10155169068
2662,0,11,164742192986654,164742192986713,164742193536728,59,550015,550074,0,10155169068
2663,0,11,164742203019290,164742203019343,164742203543919,53,524576,524629,0,10155169068
2664,0,11,164742213018588,164742213018639,164742213746165,51,727526,727577,0,10155169068
2665,0,11,164742223005997,164742223006054,164742223317587,57,311533,311590,0,10155169068
2666,0,11,164742232983720,164742232983771,164742233229785,51,246014,246065,0,10155169068
2667,0,11,164742243019621,164742243019672,164742243453787,51,434115,434166,0,10155169068
2668,0,11,164742252998283,164742252998334,164742253409551,51,411217,411268,0,10155169068
2669,0,11,164742262966144,164742262966202,164742263408594,58,442392,442450,0,10155169068
2670,0,11,164742273019371,164742273019429,164742273374968,58,355539,355597,0,10155169068
2671,0,11,164742283000070,164742283000121,164742283269777,51,269656,269707,0,10155169068
2672,0,11,164742293020085,164742293020135,164742293370930,50,350795,350845,0,10155169068
2673,0,11,164742303019386,164742303019443,164742303477671,57,458228,458285,0,10155169068
2674,0,11,164742312985235,164742312985286,164742313421392,51,436106,436157,0,10155169068
2675,0,11,164742323019402,164742323019453,164742323517148,51,497695,497746,0,10155169068
2676,0,11,164742333021215,164742333021273,164742333558215,58,536942,537000,0,10155169068
2677,0,11,164742343020230,164742343020289,164742343318548,59,298259,298318,0,10155169068
2678,0,11,164742353021948,164742353022005,164742353453932,57,431927,431984,0,10155169068
2679,0,11,164742362972715,164742362972772,164742363585484,57,612712,612769,0,10155169068
2680,0,11,164742372979215,164742372979266,164742373248468,51,269202,269253,0,10155169068
2681,0,11,164742383069907,164742383070077,164742384324135,170,1254058,1254228,0,10155169068
2682,0,11,164742393021108,164742393021161,164742393551691,53,530530,530583,0,10155169068
2683,0,11,164742402966713,164742402966764,164742403482272,51,515508,515559,0,10155169068
2684,0,11,164742412988550,164742412988600,164742413499647,50,511047,511097,0,10155169068
2685,0,11,164742423020578,164742423020631,164742423299264,53,278633,278686,0,10155169068
2686,0,11,164742432983896,164742432983955,164742433268702,59,284747,284806,0,10155169068
2687,0,11,164742442991963,164742442992022,164742443721158,59,729136,729195,0,10155169068
2688,0,11,164742452965878,164742452965926,164742453518293,48,552367,552415,0,10155169068
2689,0,11,164742462978939,164742462978981,164742463467969,42,488988,489030,0,10155169068
2690,0,11,164742472965056,164742472965118,164742473671022,62,705904,705966,0,10155169068
2691,0,11,164742483020577,164742483020635,164742483688662,58,668027,668085,0,10155169068
2692,0,11,164742492994376,164742492994426,164742493258325,50,263899,263949,0,10155169068
2693,0,11,164742503021396,164742503021456,164742503291548,60,270092,270152,0,10155169068
2694,0,11,164742512992171,164742512992228,164742513262290,57,270062,270119,0,10155169068
2695,0,11,164742522964915,164742522964968,164742523219542,53,254574,254627,0,10155169068
2696,0,11,164742532965481,164742532965532,164742533226337,51,260805,260856,0,10155169068
2697,0,11,164742543024348,164742543024408,164742543297820,60,273412,273472,0,10155169068
2698,0,11,164742553024705,164742553024764,164742553301466,59,276702,276761,0,10155169068
2699,0,11,164742562988201,164742562988252,164742563253889,51,265637,265688,0,10155169068
2700,0,11,164742573028058,164742573028109,164742573297027,51,268918,268969,0,10155169068
2701,0,11,164742582990492,164742582990543,164742583260262,51,269719,269770,0,10155169068
2702,0,11,164742593005755,164742593005806,164742593273722,51,267916,267967,0,10155169068
2703,0,11,164742603022012,164742603022063,164742603292300,51,270237,270288,0,10155169068
2704,0,11,164742612961065,164742612961131,164742613260920,66,299789,299855,0,10155169068
2705,0,11,164742623022009,164742623022068,164742623411831,59,389763,389822,0,10155169068
2706,0,11,164742633022675,164742633022725,164742633415573,50,392848,392898,0,10155169068
2707,0,11,164742642972096,164742642972148,164742643355325,52,383177,383229,0,10155169068
2708,0,11,164742653021869,164742653021920,164742653422965,51,401045,401096,0,10155169068
2709,0,11,164742663020712,164742663020765,164742663444877,53,424112,424165,0,10155169068
2710,0,11,164742673022669,164742673022721,164742673417593,52,394872,394924,0,10155169068
2711,0,11,164742683020688,164742683020741,164742683454654,53,433913,433966,0,10155169068
2712,0,11,164742693021434,164742693021485,164742693441907,51,420422,420473,0,10155169068
2713,0,11,164742703022140,164742703022197,164742703427927,57,405730,405787,0,10155169068
2714,0,11,164742713021999,164742713022052,164742713412740,53,390688,390741,0,10155169068
2715,0,11,164742722985565,164742722985622,164742723358597,57,372975,373032,0,10155169068
2716,0,11,164742732976495,164742732976553,164742733272164,58,295611,295669,0,10155169068
2717,0,11,164742743023300,164742743023357,164742743324196,57,300839,300896,0,10155169068
2718,0,11,164742753023118,164742753023169,164742753325389,51,302220,302271,0,10155169068
2719,0,11,164742762992187,164742762992240,164742763275825,53,283585,283638,0,10155169068
2720,0,11,164742773026473,164742773026524,164742773329675,51,303151,303202,0,10155169068
2721,0,11,164742783024626,164742783024677,164742783328107,51,303430,303481,0,10155169068
2722,0,11,164742793021673,164742793021730,164742793322786,57,301056,301113,0,10155169068
2723,0,11,164742803025740,164742803025797,164742803333733,57,307936,307993,0,10155169068
2724,0,11,164742813020748,164742813020799,164742813325845,51,305046,305097,0,10155169068
2725,0,11,164742823024203,164742823024253,164742823360219,50,335966,336016,0,10155169068
2726,0,11,164742833024017,164742833024068,164742833363484,51,339416,339467,0,10155169068
2727,0,11,164742843022226,164742843022279,164742843349860,53,327581,327634,0,10155169068
2728,0,11,164742852985727,164742852985780,164742853282981,53,297201,297254,0,10155169068
2729,0,11,164742862988641,164742862988694,164742863264852,53,276158,276211,0,10155169068
2730,0,11,164742873023332,164742873023393,164742873326714,61,303321,303382,0,10155169068
2731,0,11,164742883025117,164742883025176,164742883328104,59,302928,302987,0,10155169068
2732,0,11,164742892956933,164742892956984,164742893232027,51,275043,275094,0,10155169068
2733,0,11,164742903024090,164742903024140,164742903319169,50,295029,295079,0,10155169068
2734,0,11,164742913010475,164742913010524,164742913316672,49,306148,306197,0,10155169068
2735,0,11,164742923025393,164742923025444,164742923332589,51,307145,307196,0,10155169068
2736,0,11,164742933023865,164742933023916,164742933392483,51,368567,368618,0,10155169068
2737,0,11,164742942957630,164742942957711,164742943419830,81,462119,462200,0,10155169068
2738,0,11,164742952936359,164742952936436,164742953461395,77,524959,525036,0,10155169068
2739,0,11,164742962975393,164742962975481,164742963460091,88,484610,484698,0,10155169068
2740,0,11,164742972964841,164742972964892,164742973407973,51,443081,443132,0,10155169068
2741,0,11,164742982970068,164742982970119,164742983348831,51,378712,378763,0,10155169068
2742,0,11,164742992975880,164742992975930,164742993282353,50,306423,306473,0,10155169068
2743,0,11,164743002964637,164743002964707,164743003404836,70,440129,440199,0,10155169068
2744,0,11,164743012991519,164743012991570,164743013416665,51,425095,425146,0,10155169068
2745,0,11,164743023027747,164743023027796,164743023592211,49,564415,564464,0,10155169068
2746,0,11,164743033029529,164743033029594,164743033557818,65,528224,528289,0,10155169068
2747,0,11,164743043024188,164743043024246,164743043645245,58,620999,621057,0,10155169068
2748,0,11,164743052994810,164743052994867,164743053593775,57,598908,598965,0,10155169068
2749,0,11,164743062991649,164743062991700,164743063662624,51,670924,670975,0,10155169068
2750,0,11,164743073025875,164743073025933,164743073670686,58,644753,644811,0,10155169068
2751,0,11,164743083027731,164743083027790,164743083694743,59,666953,667012,0,10155169068
2752,0,11,164743092998640,164743092998691,164743093622650,51,623959,624010,0,10155169068
2753,0,11,164743103026644,164743103026702,164743103525383,58,498681,498739,0,10155169068
2754,0,11,164743113000227,164743113000284,164743113285636,57,285352,285409,0,10155169068
2755,0,11,164743123024012,164743123024069,164743123306747,57,282678,282735,0,10155169068
2756,0,11,164743133000036,164743133000087,164743133511622,51,511535,511586,0,10155169068
2757,0,11,164743143036214,164743143036265,164743143319146,51,282881,282932,0,10155169068
2758,0,11,164743153026212,164743153026270,164743153451005,58,424735,424793,0,10155169068
2759,0,11,164743162977729,164743162977780,164743163245943,51,268163,268214,0,10155169068
2760,0,11,164743173027805,164743173027865,164743173464824,60,436959,437019,0,10155169068
2761,0,11,164743183024457,164743183024509,164743183590774,52,566265,566317,0,10155169068
2762,0,11,164743193038565,164743193038643,164743193635381,78,596738,596816,0,10155169068
2763,0,11,164743203039517,164743203039589,164743203681868,72,642279,642351,0,10155169068
2764,0,11,164743212990676,164743212990728,164743213426237,52,435509,435561,0,10155169068
2765,0,11,164743223026879,164743223026930,164743223488325,51,461395,461446,0,10155169068
2766,0,11,164743232989920,164743232989970,164743233418723,50,428753,428803,0,10155169068
2767,0,11,164743243026175,164743243026232,164743243327993,57,301761,301818,0,10155169068
2768,0,11,164743252998266,164743252998317,164743253399633,51,401316,401367,0,10155169068
2769,0,11,164743263027797,164743263027848,164743263445070,51,417222,417273,0,10155169068
2770,0,11,164743273025342,164743273025392,164743273996861,50,971469,971519,0,10155169068
2771,0,11,164743283095378,164743283095569,164743284272807,191,1177238,1177429,0,10155169068
2772,0,11,164743293095575,164743293095760,164743294181873,185,1086113,1086298,0,10155169068
2773,0,11,164743303095166,164743303095331,164743304158581,165,1063250,1063415,0,10155169068
2774,0,11,164743312992174,164743312992225,164743313561166,51,568941,568992,0,10155169068
2775,0,11,164743322989196,164743322989253,164743323531199,57,541946,542003,0,10155169068
2776,0,11,164743333029703,164743333029754,164743333494610,51,464856,464907,0,10155169068
2777,0,11,164743343096039,164743343096224,164743344611581,185,1515357,1515542,0,10155169068
2778,0,11,164743353093264,164743353093429,164743354287968,165,1194539,1194704,0,10155169068
2779,0,11,164743363097340,164743363097510,164743364371282,170,1273772,1273942,0,10155169068
2780,0,11,164743373020092,164743373020258,164743374544180,166,1523922,1524088,0,10155169068
2781,0,11,164743383089440,164743383089645,164743384567977,205,1478332,1478537,0,10155169068
2782,0,11,164743393024910,164743393024961,164743393545063,51,520102,520153,0,10155169068
2783,0,11,164743403028590,164743403028649,164743404341354,59,1312705,1312764,0,10155169068
2784,0,11,164743412990604,164743412990655,164743413643891,51,653236,653287,0,10155169068
2785,0,11,164743422963167,164743422963219,164743423267692,52,304473,304525,0,10155169068
2786,0,11,164743432994539,164743432994607,164743433267739,68,273132,273200,0,10155169068
2787,0,11,164743443030952,164743443031009,164743443336181,57,305172,305229,0,10155169068
2788,0,11,164743452992455,164743452992506,164743453451297,51,458791,458842,0,10155169068
2789,0,11,164743463006914,164743463006965,164743463420214,51,413249,413300,0,10155169068
2790,0,11,164743473025415,164743473025472,164743473463500,57,438028,438085,0,10155169068
2791,0,11,164743483051961,164743483052019,164743483578575,58,526556,526614,0,10155169068
2792,0,11,164743493028809,164743493028860,164743493397703,51,368843,368894,0,10155169068
2793,0,11,164743502997572,164743502997623,164743503350265,51,352642,352693,0,10155169068
2794,0,11,164743513030698,164743513030749,164743513464499,51,433750,433801,0,10155169068
2795,0,11,164743523050758,164743523050815,164743523423999,57,373184,373241,0,10155169068
2796,0,11,164743533027035,164743533027086,164743533663433,51,636347,636398,0,10155169068
2797,0,11,164743543026424,164743543026481,164743543382457,57,355976,356033,0,10155169068
2798,0,11,164743553027551,164743553027602,164743553351635,51,324033,324084,0,10155169068
2799,0,11,164743562994642,164743562994693,164743563283534,51,288841,288892,0,10155169068
2800,0,11,164743573026690,164743573026741,164743573319498,51,292757,292808,0,10155169068
2801,0,11,164743582997343,164743582997395,164743583383890,52,386495,386547,0,10155169068
2802,0,11,164743593026504,164743593026556,164743593505691,52,479135,479187,0,10155169068
2803,0,11,164743603054151,164743603054337,164743604638689,186,1584352,1584538,0,10155169068
2804,0,11,164743613091475,164743613091640,164743614264202,165,1172562,1172727,0,10155169068
2805,0,11,164743623000856,164743623000913,164743623530275,57,529362,529419,0,10155169068
2806,0,11,164743633029614,164743633029665,164743633541883,51,512218,512269,0,10155169068
2807,0,11,164743643027661,164743643027714,164743643541016,53,513302,513355,0,10155169068
2808,0,11,164743653026693,164743653026750,164743653534598,57,507848,507905,0,10155169068
2809,0,11,164743663028703,164743663028762,164743663524935,59,496173,496232,0,10155169068
2810,0,11,164743672998735,164743672998792,164743673485301,57,486509,486566,0,10155169068
2811,0,11,164743683027195,164743683027247,164743683614787,52,587540,587592,0,10155169068
2812,0,11,164743693067003,164743693067054,164743693652761,51,585707,585758,0,10155169068
2813,0,11,164743703029135,164743703029186,164743703672579,51,643393,643444,0,10155169068
2814,0,11,164743713027832,164743713027889,164743713709481,57,681592,681649,0,10155169068
2815,0,11,164743722993324,164743722993381,164743723391281,57,397900,397957,0,10155169068
2816,0,11,164743733030658,164743733030716,164743733478301,58,447585,447643,0,10155169068
2817,0,11,164743742978683,164743742978735,164743743390995,52,412260,412312,0,10155169068
2818,0,11,164743753029548,164743753029607,164743753354489,59,324882,324941,0,10155169068
2819,0,11,164743763029315,164743763029372,164743763327669,57,298297,298354,0,10155169068
2820,0,11,164743773029527,164743773029584,164743773544932,57,515348,515405,0,10155169068
2821,0,11,164743783030006,164743783030065,164743783537464,59,507399,507458,0,10155169068
2822,0,11,164743793029061,164743793029119,164743793616153,58,587034,587092,0,10155169068
2823,0,11,164743803030601,164743803030651,164743803327000,50,296349,296399,0,10155169068
2824,0,11,164743812996039,164743812996100,164743813269967,61,273867,273928,0,10155169068
2825,0,11,164743823027943,164743823028001,164743823652259,58,624258,624316,0,10155169068
2826,0,11,164743833031011,164743833031070,164743833823976,59,792906,792965,0,10155169068
2827,0,11,164743843094231,164743843094416,164743844190822,185,1096406,1096591,0,10155169068
2828,0,11,164743853056696,164743853056866,164743853747281,170,690415,690585,0,10155169068
2829,0,11,164743863102052,164743863102238,164743863811351,186,709113,709299,0,10155169068
2830,0,11,164743873096160,164743873096331,164743873912497,171,816166,816337,0,10155169068
2831,0,11,164743883101359,164743883101549,164743883925223,190,823674,823864,0,10155169068
2832,0,11,164743893099200,164743893099386,164743894414318,186,1314932,1315118,0,10155169068
2833,0,11,164743903093308,164743903093499,164743903917649,191,824150,824341,0,10155169068
2834,0,11,164743913093505,164743913093671,164743914796171,166,1702500,1702666,0,10155169068
2835,0,11,164743923092073,164743923092244,164743924157400,171,1065156,1065327,0,10155169068
2836,0,11,164743933017215,164743933017266,164743933632065,51,614799,614850,0,10155169068
2837,0,11,164743943033062,164743943033114,164743943508437,52,475323,475375,0,10155169068
2838,0,11,164743952999869,164743952999926,164743953509311,57,509385,509442,0,10155169068
2839,0,11,164743963031152,164743963031203,164743963579880,51,548677,548728,0,10155169068
2840,0,11,164743972977089,164743972977185,164743973463261,96,486076,486172,0,10155169068
2841,0,11,164743982985415,164743982985529,164743983646972,114,661443,661557,0,10155169068
2842,0,11,164743992975003,164743992975076,164743993590754,73,615678,615751,0,10155169068
2843,0,11,164744003720176,164744003720244,164744004767006,68,1046762,1046830,0,10155169068
2844,0,11,164744012992650,164744012992703,164744013616479,53,623776,623829,0,10155169068
2845,0,11,164744022997316,164744022997367,164744023639859,51,642492,642543,0,10155169068
2846,0,11,164744033001244,164744033001308,164744033725808,64,724500,724564,0,10155169068
2847,0,11,164744043030535,164744043030594,164744043466253,59,435659,435718,0,10155169068
2848,0,11,164744053005362,164744053005413,164744053485440,51,480027,480078,0,10155169068
2849,0,11,164744062997146,164744062997197,164744063355503,51,358306,358357,0,10155169068
2850,0,11,164744073029686,164744073029739,164744073391496,53,361757,361810,0,10155169068
2851,0,11,164744083032400,164744083032453,164744083397050,53,364597,364650,0,10155169068
2852,0,11,164744093031116,164744093031169,164744093477966,53,446797,446850,0,10155169068
2853,0,11,164744102998248,164744102998305,164744103347451,57,349146,349203,0,10155169068
2854,0,11,164744113033170,164744113033227,164744113397209,57,363982,364039,0,10155169068
2855,0,11,164744123029663,164744123029715,164744123395747,52,366032,366084,0,10155169068
2856,0,11,164744133033807,164744133033858,164744133394535,51,360677,360728,0,10155169068
2857,0,11,164744143033284,164744143033343,164744143491653,59,458310,458369,0,10155169068
2858,0,11,164744153035356,164744153035407,164744153496238,51,460831,460882,0,10155169068
2859,0,11,164744163033675,164744163033726,164744163498323,51,464597,464648,0,10155169068
2860,0,11,164744173054690,164744173054910,164744173513581,220,458671,458891,0,10155169068
2861,0,11,164744183032182,164744183032233,164744183578603,51,546370,546421,0,10155169068
2862,0,11,164744193032989,164744193033048,164744193656160,59,623112,623171,0,10155169068
2863,0,11,164744203031874,164744203031925,164744203768990,51,737065,737116,0,10155169068
2864,0,11,164744213035346,164744213035397,164744213606379,51,570982,571033,0,10155169068
2865,0,11,164744223034734,164744223034791,164744223634130,57,599339,599396,0,10155169068
2866,0,11,164744232992936,164744232992989,164744233234838,53,241849,241902,0,10155169068
2867,0,11,164744243000186,164744243000245,164744243557643,59,557398,557457,0,10155169068
2868,0,11,164744253012171,164744253012222,164744253279728,51,267506,267557,0,10155169068
2869,0,11,164744263033359,164744263033410,164744263312548,51,279138,279189,0,10155169068
2870,0,11,164744273034312,164744273034365,164744273560664,53,526299,526352,0,10155169068
2871,0,11,164744282991540,164744282991591,164744283351704,51,360113,360164,0,10155169068
2872,0,11,164744293039115,164744293039166,164744293456572,51,417406,417457,0,10155169068
2873,0,11,164744303007594,164744303007645,164744303519469,51,511824,511875,0,10155169068
2874,0,11,164744313008694,164744313008745,164744313497698,51,488953,489004,0,10155169068
2875,0,11,164744323100068,164744323100233,164744324097199,165,996966,997131,0,10155169068
2876,0,11,164744333098140,164744333098311,164744333656635,171,558324,558495,0,10155169068
2877,0,11,164744343033296,164744343033347,164744343580087,51,546740,546791,0,10155169068
2878,0,11,164744352992572,164744352992625,164744353210555,53,217930,217983,0,10155169068
2879,0,11,164744363034357,164744363034409,164744363561134,52,526725,526777,0,10155169068
2880,0,11,164744373002422,164744373002481,164744373288229,59,285748,285807,0,10155169068
2881,0,11,164744383035812,164744383035865,164744383501083,53,465218,465271,0,10155169068
2882,0,11,164744393036287,164744393036338,164744394719868,51,1683530,1683581,0,10155169068
2883,0,11,164744403100231,164744403100401,164744403951614,170,851213,851383,0,10155169068
2884,0,11,164744413106537,164744413106702,164744413969166,165,862464,862629,0,10155169068
2885,0,11,164744423105631,164744423105802,164744423900508,171,794706,794877,0,10155169068
2886,0,11,164744433097093,164744433097263,164744433959547,170,862284,862454,0,10155169068
2887,0,11,164744442995516,164744442995569,164744443329999,53,334430,334483,0,10155169068
2888,0,11,164744453036893,164744453036944,164744453476990,51,440046,440097,0,10155169068
2889,0,11,164744463016296,164744463016365,164744463430866,69,414501,414570,0,10155169068
2890,0,11,164744472990653,164744472990710,164744473372153,57,381443,381500,0,10155169068
2891,0,11,164744482999707,164744482999786,164744483554672,79,554886,554965,0,10155169068
2892,0,11,164744492980092,164744492980139,164744493698120,47,717981,718028,0,10155169068
2893,0,11,164744502975673,164744502975751,164744503651818,78,676067,676145,0,10155169068
2894,0,11,164744512974888,164744512974963,164744513343363,75,368400,368475,0,10155169068
2895,0,11,164744522976734,164744522976789,164744523398499,55,421710,421765,0,10155169068
2896,0,11,164744532994583,164744532994634,164744533245792,51,251158,251209,0,10155169068
2897,0,11,164744543035225,164744543035282,164744543385493,57,350211,350268,0,10155169068
2898,0,11,164744553036486,164744553036543,164744553391214,57,354671,354728,0,10155169068
2899,0,11,164744563016795,164744563016864,164744563345138,69,328274,328343,0,10155169068
2900,0,11,164744572983591,164744572983641,164744573256593,50,272952,273002,0,10155169068
2901,0,11,164744583037138,164744583037191,164744583388804,53,351613,351666,0,10155169068
2902,0,11,164744593011583,164744593011632,164744593582731,49,571099,571148,0,10155169068
2903,0,11,164744602998847,164744602998918,164744603574598,71,575680,575751,0,10155169068
2904,0,11,164744612972491,164744612972556,164744613551872,65,579316,579381,0,10155169068
2905,0,11,164744622982304,164744622982355,164744623430587,51,448232,448283,0,10155169068
2906,0,11,164744633034537,164744633034588,164744633726468,51,691880,691931,0,10155169068
2907,0,11,164744643036068,164744643036127,164744643742926,59,706799,706858,0,10155169068
2908,0,11,164744653035693,164744653035750,164744653754085,57,718335,718392,0,10155169068
2909,0,11,164744662963053,164744662963105,164744663522013,52,558908,558960,0,10155169068
2910,0,11,164744672985238,164744672985289,164744673549488,51,564199,564250,0,10155169068
2911,0,11,164744683046921,164744683046996,164744683777886,75,730890,730965,0,10155169068
2912,0,11,164744693038742,164744693038793,164744693775414,51,736621,736672,0,10155169068
2913,0,11,164744702992293,164744702992350,164744703332027,57,339677,339734,0,10155169068
2914,0,11,164744713035536,164744713035589,164744713322108,53,286519,286572,0,10155169068
2915,0,11,164744723039605,164744723039663,164744723438982,58,399319,399377,0,10155169068
2916,0,11,164744733037667,164744733037725,164744733426836,58,389111,389169,0,10155169068
2917,0,11,164744743051119,164744743051187,164744743441245,68,390058,390126,0,10155169068
2918,0,11,164744753040731,164744753040782,164744753427984,51,387202,387253,0,10155169068
2919,0,11,164744762998525,164744762998584,164744763278672,59,280088,280147,0,10155169068
2920,0,11,164744773036785,164744773036840,164744773572245,55,535405,535460,0,10155169068
2921,0,11,164744783015769,164744783015820,164744783471518,51,455698,455749,0,10155169068
2922,0,11,164744793038606,164744793038657,164744793515846,51,477189,477240,0,10155169068
2923,0,11,164744803036959,164744803037016,164744803546727,57,509711,509768,0,10155169068
2924,0,11,164744812994678,164744812994729,164744813372537,51,377808,377859,0,10155169068
2925,0,11,164744822972140,164744822972200,164744824383875,60,1411675,1411735,0,10155169068
2926,0,11,164744833101093,164744833101284,164744834561226,191,1459942,1460133,0,10155169068
2927,0,11,164744842988151,164744842988219,164744843514875,68,526656,526724,0,10155169068
2928,0,11,164744853034801,164744853034852,164744854284830,51,1249978,1250029,0,10155169068
2929,0,11,164744863038576,164744863038635,164744864419469,59,1380834,1380893,0,10155169068
2930,0,11,164744873104728,164744873104899,164744873913803,171,808904,809075,0,10155169068
2931,0,11,164744883028688,164744883028854,164744883815307,166,786453,786619,0,10155169068
2932,0,11,164744893067680,164744893067891,164744893939606,211,871715,871926,0,10155169068
2933,0,11,164744903039281,164744903039447,164744903750109,166,710662,710828,0,10155169068
2934,0,11,164744913107616,164744913107781,164744913932974,165,825193,825358,0,10155169068
2935,0,11,164744923109742,164744923109908,164744923846335,166,736427,736593,0,10155169068
2936,0,11,164744933074442,164744933074643,164744933875559,201,800916,801117,0,10155169068
2937,0,11,164744943102915,164744943103080,164744943821565,165,718485,718650,0,10155169068
2938,0,11,164744953038788,164744953038840,164744953336134,52,297294,297346,0,10155169068
2939,0,11,164744963005639,164744963005690,164744963301336,51,295646,295697,0,10155169068
2940,0,11,164744973038449,164744973038500,164744973334680,51,296180,296231,0,10155169068
2941,0,11,164744983043665,164744983043724,164744983393745,59,350021,350080,0,10155169068
2942,0,11,164744992993424,164744992993481,164744993221651,57,228170,228227,0,10155169068
2943,0,11,164745003259761,164745003259840,164745003613833,79,353993,354072,0,10155169068
2944,0,11,164745013124454,164745013124530,164745013492656,76,368126,368202,0,10155169068
2945,0,11,164745022972716,164745022972784,164745024244470,68,1271686,1271754,0,10155169068
2946,0,11,164745032969835,164745032969892,164745033827275,57,857383,857440,0,10155169068
2947,0,11,164745044495568,164745044495642,164745045595719,74,1100077,1100151,0,10155169068
2948,0,11,164745052996639,164745052996691,164745053363273,52,366582,366634,0,10155169068
2949,0,11,164745063040646,164745063040706,164745063497544,60,456838,456898,0,10155169068
2950,0,11,164745073023927,164745073023978,164745073456918,51,432940,432991,0,10155169068
2951,0,11,164745083041649,164745083041708,164745083400516,59,358808,358867,0,10155169068
2952,0,11,164745092984353,164745092984404,164745093391771,51,407367,407418,0,10155169068
2953,0,11,164745103003675,164745103003724,164745103391324,49,387600,387649,0,10155169068
2954,0,11,164745113022800,164745113022876,164745113376427,76,353551,353627,0,10155169068
2955,0,11,164745123039614,164745123039671,164745123363265,57,323594,323651,0,10155169068
2956,0,11,164745133039721,164745133039774,164745133371808,53,332034,332087,0,10155169068
2957,0,11,164745143044549,164745143044600,164745143372947,51,328347,328398,0,10155169068
2958,0,11,164745153008525,164745153008576,164745153325770,51,317194,317245,0,10155169068
2959,0,11,164745163043717,164745163043768,164745163372372,51,328604,328655,0,10155169068
2960,0,11,164745173042921,164745173042972,164745173371072,51,328100,328151,0,10155169068
2961,0,11,164745183008940,164745183008991,164745183501162,51,492171,492222,0,10155169068
2962,0,11,164745193001116,164745193001175,164745193413898,59,412723,412782,0,10155169068
2963,0,11,164745203039387,164745203039444,164745203774405,57,734961,735018,0,10155169068
2964,0,11,164745213038148,164745213038201,164745213679282,53,641081,641134,0,10155169068
2965,0,11,164745223042333,164745223042384,164745223480576,51,438192,438243,0,10155169068
2966,0,11,164745233042860,164745233042911,164745233467011,51,424100,424151,0,10155169068
2967,0,11,164745243041714,164745243041772,164745243480454,58,438682,438740,0,10155169068
2968,0,11,164745252975351,164745252975401,164745253402533,50,427132,427182,0,10155169068
2969,0,11,164745263040317,164745263040370,164745263512542,53,472172,472225,0,10155169068
2970,0,11,164745273040675,164745273040734,164745273369870,59,329136,329195,0,10155169068
2971,0,11,164745283041544,164745283041601,164745283477843,57,436242,436299,0,10155169068
2972,0,11,164745293042680,164745293042731,164745293438019,51,395288,395339,0,10155169068
2973,0,11,164745302997385,164745302997442,164745303331267,57,333825,333882,0,10155169068
2974,0,11,164745313007564,164745313007615,164745313466314,51,458699,458750,0,10155169068
2975,0,11,164745323012094,164745323012145,164745323521486,51,509341,509392,0,10155169068
2976,0,11,164745333041968,164745333042019,164745333474186,51,432167,432218,0,10155169068
2977,0,11,164745343043082,164745343043133,164745343540503,51,497370,497421,0,10155169068
2978,0,11,164745353040594,164745353040646,164745353476731,52,436085,436137,0,10155169068
2979,0,11,164745362986787,164745362986856,164745363525597,69,538741,538810,0,10155169068
2980,0,11,164745373039760,164745373039811,164745373475148,51,435337,435388,0,10155169068
2981,0,11,164745383042672,164745383042722,164745383545733,50,503011,503061,0,10155169068
2982,0,11,164745393042648,164745393042699,164745394690739,51,1648040,1648091,0,10155169068
2983,0,11,164745403076710,164745403076875,164745405060422,165,1983547,1983712,0,10155169068
2984,0,11,164745413112865,164745413113030,164745414123547,165,1010517,1010682,0,10155169068
2985,0,11,164745423075876,164745423076066,164745423785726,190,709660,709850,0,10155169068
2986,0,11,164745433106999,164745433107170,164745433903916,171,796746,796917,0,10155169068
2987,0,11,164745443111070,164745443111236,164745444084566,166,973330,973496,0,10155169068
2988,0,11,164745453042234,164745453042285,164745453363047,51,320762,320813,0,10155169068
2989,0,11,164745463007417,164745463007470,164745463509587,53,502117,502170,0,10155169068
2990,0,11,164745473041738,164745473041789,164745473375886,51,334097,334148,0,10155169068
2991,0,11,164745483041425,164745483041483,164745483361782,58,320299,320357,0,10155169068
2992,0,11,164745493040750,164745493040803,164745493363507,53,322704,322757,0,10155169068
2993,0,11,164745502990914,164745502990965,164745503486736,51,495771,495822,0,10155169068
2994,0,11,164745513039906,164745513039957,164745513466120,51,426163,426214,0,10155169068
2995,0,11,164745523064244,164745523064295,164745523354171,51,289876,289927,0,10155169068
2996,0,11,164745532978650,164745532978704,164745533309313,54,330609,330663,0,10155169068
2997,0,11,164745542975330,164745542975374,164745543509611,44,534237,534281,0,10155169068
2998,0,11,164745553001241,164745553001306,164745553646928,65,645622,645687,0,10155169068
2999,0,11,164745563005876,164745563005927,164745563496749,51,490822,490873,0,10155169068
3000,0,11,164745572990393,164745572990444,164745573271271,51,280827,280878,0,10155169068
3001,0,11,164745582966206,164745582966256,164745583268277,50,302021,302071,0,10155169068
3002,0,11,164745592993385,164745592993436,164745593221444,51,228008,228059,0,10155169068
3003,0,11,164745602999204,164745602999264,164745603238657,60,239393,239453,0,10155169068
3004,0,11,164745612985948,164745612985999,164745613516289,51,530290,530341,0,10155169068
3005,0,11,164745622994992,164745622995042,164745623324793,50,329751,329801,0,10155169068
3006,0,11,164745632993702,164745632993751,164745633340561,49,346810,346859,0,10155169068
3007,0,11,164745642980917,164745642980978,164745643375457,61,394479,394540,0,10155169068
3008,0,11,164745652962802,164745652962867,164745653306010,65,343143,343208,0,10155169068
3009,0,11,164745662994506,164745662994558,164745663345885,52,351327,351379,0,10155169068
3010,0,11,164745672992817,164745672992868,164745673221832,51,228964,229015,0,10155169068
3011,0,11,164745683016736,164745683016789,164745683299630,53,282841,282894,0,10155169068
3012,0,11,164745693008679,164745693008730,164745693572105,51,563375,563426,0,10155169068
3013,0,11,164745703002654,164745703002706,164745703350319,52,347613,347665,0,10155169068
3014,0,11,164745712975147,164745712975199,164745713191032,52,215833,215885,0,10155169068
3015,0,11,164745723010158,164745723010209,164745723297859,51,287650,287701,0,10155169068
3016,0,11,164745733013828,164745733013879,164745733364705,51,350826,350877,0,10155169068
3017,0,11,164745742995027,164745742995076,164745743350073,49,354997,355046,0,10155169068
3018,0,11,164745752995755,164745752995813,164745753303414,58,307601,307659,0,10155169068
3019,0,11,164745763025145,164745763025196,164745763700546,51,675350,675401,0,10155169068
3020,0,11,164745773010582,164745773010633,164745773286031,51,275398,275449,0,10155169068
3021,0,11,164745782960664,164745782960715,164745783356793,51,396078,396129,0,10155169068
3022,0,11,164745792994063,164745792994114,164745793422126,51,428012,428063,0,10155169068
3023,0,11,164745802985612,164745802985663,164745803542025,51,556362,556413,0,10155169068
3024,0,11,164745812980800,164745812980851,164745813559585,51,578734,578785,0,10155169068
3025,0,11,164745822990546,164745822990597,164745823619850,51,629253,629304,0,10155169068
3026,0,11,164745832972983,164745832973045,164745833330455,62,357410,357472,0,10155169068
3027,0,11,164745842975316,164745842975367,164745843332365,51,356998,357049,0,10155169068
3028,0,11,164745852963959,164745852964025,164745853268729,66,304704,304770,0,10155169068
3029,0,11,164745862976642,164745862976715,164745863733008,73,756293,756366,0,10155169068
3030,0,11,164745872996323,164745872996374,164745873333437,51,337063,337114,0,10155169068
3031,0,11,164745882993207,164745882993258,164745883279240,51,285982,286033,0,10155169068
3032,0,11,164745892977226,164745892977277,164745893267873,51,290596,290647,0,10155169068
3033,0,11,164745902959633,164745902959684,164745903194352,51,234668,234719,0,10155169068
3034,0,11,164745912974649,164745912974700,164745913240949,51,266249,266300,0,10155169068
3035,0,11,164745922973865,164745922973933,164745923236998,68,263065,263133,0,10155169068
3036,0,11,164745932991955,164745932992007,164745933255666,52,263659,263711,0,10155169068
3037,0,11,164745942994971,164745942995045,164745943266456,74,271411,271485,0,10155169068
3038,0,11,164745952962414,164745952962470,164745953339071,56,376601,376657,0,10155169068
3039,0,11,164745962990284,164745962990338,164745963248041,54,257703,257757,0,10155169068
3040,0,11,164745972978660,164745972978706,164745973229449,46,250743,250789,0,10155169068
3041,0,11,164745982990160,164745982990213,164745983291486,53,301273,301326,0,10155169068
3042,0,11,164745992963140,164745992963208,164745993237251,68,274043,274111,0,10155169068
3043,0,11,164746002980428,164746002980493,164746003377681,65,397188,397253,0,10155169068
3044,0,11,164746012987767,164746012987818,164746013467897,51,480079,480130,0,10155169068
3045,0,11,164746022980777,164746022980828,164746023696250,51,715422,715473,0,10155169068
3046,0,11,164746032976820,164746032976906,164746033766508,86,789602,789688,0,10155169068
3047,0,11,164746042976633,164746042976708,164746043706088,75,729380,729455,0,10155169068
3048,0,11,164746052987473,164746052987532,164746053755271,59,767739,767798,0,10155169068
3049,0,11,164746062980291,164746062980354,164746063604422,63,624068,624131,0,10155169068
3050,0,11,164746072971020,164746072971071,164746073454995,51,483924,483975,0,10155169068
3051,0,11,164746083002570,164746083002622,164746083542091,52,539469,539521,0,10155169068
3052,0,11,164746093000822,164746093000875,164746093484118,53,483243,483296,0,10155169068
3053,0,11,164746103047926,164746103047977,164746103334788,51,286811,286862,0,10155169068
3054,0,11,164746113022597,164746113022647,164746113488169,50,465522,465572,0,10155169068
3055,0,11,164746123020051,164746123020113,164746123644113,62,624000,624062,0,10155169068
3056,0,11,164746132987769,164746132987823,164746133483887,54,496064,496118,0,10155169068
3057,0,11,164746143052031,164746143052086,164746143678807,55,626721,626776,0,10155169068
3058,0,11,164746153022322,164746153022379,164746153713364,57,690985,691042,0,10155169068
3059,0,11,164746163015143,164746163015219,164746163780611,76,765392,765468,0,10155169068
3060,0,11,164746173020621,164746173020683,164746173760090,62,739407,739469,0,10155169068
3061,0,11,164746183047225,164746183047276,164746183424828,51,377552,377603,0,10155169068
3062,0,11,164746193049433,164746193049484,164746193426789,51,377305,377356,0,10155169068
3063,0,11,164746202992869,164746202992920,164746203319223,51,326303,326354,0,10155169068
3064,0,11,164746213047238,164746213047289,164746213393896,51,346607,346658,0,10155169068
3065,0,11,164746223048479,164746223048536,164746223550686,57,502150,502207,0,10155169068
3066,0,11,164746233047928,164746233047985,164746233390184,57,342199,342256,0,10155169068
3067,0,11,164746243047946,164746243047997,164746243353977,51,305980,306031,0,10155169068
3068,0,11,164746253049451,164746253049508,164746253350722,57,301214,301271,0,10155169068
3069,0,11,164746263019517,164746263019567,164746263322831,50,303264,303314,0,10155169068
3070,0,11,164746273049019,164746273049070,164746273357066,51,307996,308047,0,10155169068
3071,0,11,164746282995159,164746282995212,164746283298683,53,303471,303524,0,10155169068
3072,0,11,164746293045847,164746293045898,164746293347172,51,301274,301325,0,10155169068
3073,0,11,164746303049545,164746303049603,164746303355204,58,305601,305659,0,10155169068
3074,0,11,164746313012956,164746313013007,164746313278470,51,265463,265514,0,10155169068
3075,0,11,164746323049300,164746323049357,164746323355536,57,306179,306236,0,10155169068
3076,0,11,164746333012823,164746333012874,164746333315925,51,303051,303102,0,10155169068
3077,0,11,164746343048493,164746343048544,164746343357511,51,308967,309018,0,10155169068
3078,0,11,164746353050570,164746353050622,164746353673204,52,622582,622634,0,10155169068
3079,0,11,164746363050450,164746363050509,164746363352474,59,301965,302024,0,10155169068
3080,0,11,164746373049499,164746373049550,164746373728975,51,679425,679476,0,10155169068
3081,0,11,164746383025632,164746383025683,164746383730551,51,704868,704919,0,10155169068
3082,0,11,164746393051891,164746393051942,164746393356366,51,304424,304475,0,10155169068
3083,0,11,164746403020477,164746403020527,164746403317342,50,296815,296865,0,10155169068
3084,0,11,164746413051329,164746413051380,164746413773475,51,722095,722146,0,10155169068
3085,0,11,164746423113426,164746423113612,164746423935517,186,821905,822091,0,10155169068
3086,0,11,164746433116069,164746433116234,164746434111641,165,995407,995572,0,10155169068
3087,0,11,164746443050181,164746443050232,164746443424290,51,374058,374109,0,10155169068
3088,0,11,164746453122908,164746453123073,164746454133004,165,1009931,1010096,0,10155169068
3089,0,11,164746463123952,164746463124117,164746464193901,165,1069784,1069949,0,10155169068
3090,0,11,164746473063092,164746473063278,164746474039280,186,976002,976188,0,10155169068
3091,0,11,164746483115144,164746483115330,164746483911444,186,796114,796300,0,10155169068
3092,0,11,164746493024263,164746493024322,164746493282891,59,258569,258628,0,10155169068
3093,0,11,164746503005347,164746503005393,164746503391561,46,386168,386214,0,10155169068
3094,0,11,164746512980719,164746512980760,164746513569761,41,589001,589042,0,10155169068
3095,0,11,164746523050436,164746523050488,164746523543673,52,493185,493237,0,10155169068
3096,0,11,164746533018670,164746533018720,164746533397945,50,379225,379275,0,10155169068
3097,0,11,164746542998034,164746542998085,164746543388456,51,390371,390422,0,10155169068
3098,0,11,164746553050290,164746553050341,164746553435960,51,385619,385670,0,10155169068
3099,0,11,164746563017916,164746563017968,164746563408159,52,390191,390243,0,10155169068
3100,0,11,164746573049187,164746573049244,164746573452748,57,403504,403561,0,10155169068
3101,0,11,164746583052794,164746583052845,164746583517738,51,464893,464944,0,10155169068
3102,0,11,164746593018444,164746593018501,164746593355741,57,337240,337297,0,10155169068
3103,0,11,164746603054062,164746603054119,164746603386864,57,332745,332802,0,10155169068
3104,0,11,164746613018069,164746613018120,164746613322596,51,304476,304527,0,10155169068
3105,0,11,164746622985616,164746622985669,164746623281134,53,295465,295518,0,10155169068
3106,0,11,164746633051068,164746633051126,164746633343526,58,292400,292458,0,10155169068
3107,0,11,164746643055080,164746643055131,164746643352995,51,297864,297915,0,10155169068
3108,0,11,164746653052397,164746653052448,164746653335277,51,282829,282880,0,10155169068
3109,0,11,164746663012826,164746663012876,164746663466520,50,453644,453694,0,10155169068
3110,0,11,164746673053236,164746673053287,164746673338523,51,285236,285287,0,10155169068
3111,0,11,164746683053035,164746683053087,164746683521213,52,468126,468178,0,10155169068
3112,0,11,164746693017759,164746693017808,164746693604611,49,586803,586852,0,10155169068
3113,0,11,164746703050034,164746703050086,164746703644130,52,594044,594096,0,10155169068
3114,0,11,164746713050529,164746713050586,164746713628380,57,577794,577851,0,10155169068
3115,0,11,164746723053512,164746723053562,164746723621624,50,568062,568112,0,10155169068
3116,0,11,164746733053046,164746733053096,164746733614830,50,561734,561784,0,10155169068
3117,0,11,164746743052971,164746743053022,164746743657176,51,604154,604205,0,10155169068
3118,0,11,164746753052345,164746753052396,164746753660065,51,607669,607720,0,10155169068
3119,0,11,164746763054086,164746763054143,164746763652352,57,598209,598266,0,10155169068
3120,0,11,164746773140057,164746773140222,164746774612805,165,1472583,1472748,0,10155169068
3121,0,11,164746783117346,164746783117511,164746784927842,165,1810331,1810496,0,10155169068
3122,0,11,164746793053974,164746793054031,164746793659239,57,605208,605265,0,10155169068
3123,0,11,164746803053513,164746803053564,164746803554830,51,501266,501317,0,10155169068
3124,0,11,164746813018129,164746813018180,164746813455376,51,437196,437247,0,10155169068
3125,0,11,164746823053452,164746823053503,164746823355407,51,301904,301955,0,10155169068
3126,0,11,164746833053722,164746833053780,164746833376696,58,322916,322974,0,10155169068
3127,0,11,164746843051837,164746843051896,164746843436153,59,384257,384316,0,10155169068
3128,0,11,164746853051776,164746853051827,164746853353983,51,302156,302207,0,10155169068
3129,0,11,164746863054795,164746863054854,164746863384677,59,329823,329882,0,10155169068
3130,0,11,164746873054645,164746873054696,164746873384071,51,329375,329426,0,10155169068
3131,0,11,164746883055051,164746883055111,164746883382158,60,327047,327107,0,10155169068
3132,0,11,164746893052697,164746893052746,164746893368099,49,315353,315402,0,10155169068
3133,0,11,164746903054038,164746903054089,164746903315978,51,261889,261940,0,10155169068
3134,0,11,164746913004316,164746913004380,164746913336125,64,331745,331809,0,10155169068
3135,0,11,164746923054572,164746923054623,164746923354128,51,299505,299556,0,10155169068
3136,0,11,164746933055855,164746933055906,164746933382324,51,326418,326469,0,10155169068
3137,0,11,164746943058017,164746943058068,164746943364243,51,306175,306226,0,10155169068
3138,0,11,164746953015316,164746953015367,164746953286361,51,270994,271045,0,10155169068
3139,0,11,164746963052545,164746963052602,164746963368969,57,316367,316424,0,10155169068
3140,0,11,164746973053898,164746973053948,164746973365208,50,311260,311310,0,10155169068
3141,0,11,164746983053296,164746983053349,164746983387418,53,334069,334122,0,10155169068
3142,0,11,164746993054326,164746993054377,164746993366510,51,312133,312184,0,10155169068
3143,0,11,164747002990249,164747002990327,164747003479562,78,489235,489313,0,10155169068
3144,0,11,164747013007048,164747013007099,164747013268215,51,261116,261167,0,10155169068
3145,0,11,164747023054528,164747023054579,164747023403011,51,348432,348483,0,10155169068
3146,0,11,164747033026781,164747033026846,164747033343708,65,316862,316927,0,10155169068
3147,0,11,164747043057232,164747043057289,164747043477840,57,420551,420608,0,10155169068
3148,0,11,164747053052083,164747053052134,164747053422550,51,370416,370467,0,10155169068
3149,0,11,164747062977545,164747062977621,164747063328528,76,350907,350983,0,10155169068
3150,0,11,164747072993236,164747072993331,164747073479450,95,486119,486214,0,10155169068
3151,0,11,164747082997390,164747082997443,164747083308955,53,311512,311565,0,10155169068
3152,0,11,164747092978629,164747092978680,164747093222420,51,243740,243791,0,10155169068
3153,0,11,164747103012802,164747103012853,164747103410588,51,397735,397786,0,10155169068
3154,0,11,164747113027839,164747113027890,164747113486052,51,458162,458213,0,10155169068
3155,0,11,164747123025752,164747123025809,164747123511037,57,485228,485285,0,10155169068
3156,0,11,164747133054124,164747133054181,164747133584692,57,530511,530568,0,10155169068
3157,0,11,164747143054193,164747143054244,164747143628422,51,574178,574229,0,10155169068
3158,0,11,164747153053463,164747153053514,164747153626177,51,572663,572714,0,10155169068
3159,0,11,164747162995459,164747162995522,164747163563069,63,567547,567610,0,10155169068
3160,0,11,164747172997059,164747172997141,164747173641471,82,644330,644412,0,10155169068
3161,0,11,164747182985463,164747182985516,164747183482446,53,496930,496983,0,10155169068
3162,0,11,164747193017890,164747193017940,164747193345856,50,327916,327966,0,10155169068
3163,0,11,164747203055748,164747203055799,164747203499500,51,443701,443752,0,10155169068
3164,0,11,164747213031144,164747213031195,164747213356052,51,324857,324908,0,10155169068
3165,0,11,164747223054121,164747223054172,164747223416324,51,362152,362203,0,10155169068
3166,0,11,164747233054787,164747233054838,164747233416177,51,361339,361390,0,10155169068
3167,0,11,164747243056751,164747243056802,164747243589610,51,532808,532859,0,10155169068
3168,0,11,164747253093023,164747253093125,164747253647219,102,554094,554196,0,10155169068
3169,0,11,164747263093854,164747263093956,164747263742308,102,648352,648454,0,10155169068
3170,0,11,164747273048868,164747273048970,164747273691913,102,642943,643045,0,10155169068
3171,0,11,164747283093674,164747283093775,164747283752615,101,658840,658941,0,10155169068
3172,0,11,164747293094970,164747293095072,164747293733506,102,638434,638536,0,10155169068
3173,0,11,164747303085618,164747303085687,164747303522499,69,436812,436881,0,10155169068
3174,0,11,164747313022222,164747313022274,164747313451639,52,429365,429417,0,10155169068
3175,0,11,164747323092941,164747323093043,164747323938846,102,845803,845905,0,10155169068
3176,0,11,164747333089874,164747333089975,164747334126072,101,1036097,1036198,0,10155169068
3177,0,11,164747343018160,164747343018274,164747344070910,114,1052636,1052750,0,10155169068
3178,0,11,164747353090512,164747353090614,164747354315117,102,1224503,1224605,0,10155169068
3179,0,11,164747363090682,164747363090784,164747364100476,102,1009692,1009794,0,10155169068
3180,0,11,164747373093586,164747373093687,164747374083871,101,990184,990285,0,10155169068
3181,0,11,164747383092951,164747383093053,164747384098391,102,1005338,1005440,0,10155169068
3182,0,11,164747393094276,164747393094381,164747394231352,105,1136971,1137076,0,10155169068
3183,0,11,164747403098055,164747403098157,164747404068326,102,970169,970271,0,10155169068
3184,0,11,164747413059031,164747413059082,164747413418252,51,359170,359221,0,10155169068
3185,0,11,164747423058707,164747423058758,164747423400683,51,341925,341976,0,10155169068
3186,0,11,164747433055560,164747433055620,164747433698840,60,643220,643280,0,10155169068
3187,0,11,164747443057513,164747443057564,164747443744880,51,687316,687367,0,10155169068
3188,0,11,164747453057971,164747453058031,164747453634749,60,576718,576778,0,10155169068
3189,0,11,164747463055866,164747463055923,164747463737586,57,681663,681720,0,10155169068
3190,0,11,164747473058253,164747473058304,164747473539662,51,481358,481409,0,10155169068
3191,0,11,164747483059391,164747483059452,164747483547564,61,488112,488173,0,10155169068
3192,0,11,164747493057027,164747493057084,164747493562782,57,505698,505755,0,10155169068
3193,0,11,164747503058243,164747503058294,164747503545372,51,487078,487129,0,10155169068
3194,0,11,164747513059127,164747513059179,164747513604384,52,545205,545257,0,10155169068
3195,0,11,164747523058707,164747523058758,164747523566798,51,508040,508091,0,10155169068
3196,0,11,164747533000499,164747533000548,164747533369693,49,369145,369194,0,10155169068
3197,0,11,164747543058794,164747543058845,164747543519045,51,460200,460251,0,10155169068
3198,0,11,164747553006646,164747553006712,164747553664748,66,658036,658102,0,10155169068
3199,0,11,164747562952506,164747562952584,164747564242086,78,1289502,1289580,0,10155169068
3200,0,11,164747573002904,164747573002955,164747573421378,51,418423,418474,0,10155169068
3201,0,11,164747582979427,164747582979515,164747583412146,88,432631,432719,0,10155169068
3202,0,11,164747593001710,164747593001793,164747593337037,83,335244,335327,0,10155169068
3203,0,11,164747602995006,164747602995066,164747603338353,60,343287,343347,0,10155169068
3204,0,11,164747613059872,164747613059932,164747613464986,60,405054,405114,0,10155169068
3205,0,11,164747623059255,164747623059306,164747623584807,51,525501,525552,0,10155169068
3206,0,11,164747632990320,164747632990377,164747633597296,57,606919,606976,0,10155169068
3207,0,11,164747643027464,164747643027516,164747643624487,52,596971,597023,0,10155169068
3208,0,11,164747653059349,164747653059399,164747653730135,50,670736,670786,0,10155169068
3209,0,11,164747663023076,164747663023127,164747663718818,51,695691,695742,0,10155169068
3210,0,11,164747673059470,164747673059521,164747673774432,51,714911,714962,0,10155169068
3211,0,11,164747683060236,164747683060287,164747683714385,51,654098,654149,0,10155169068
3212,0,11,164747693010444,164747693010495,164747693405393,51,394898,394949,0,10155169068
3213,0,11,164747703025514,164747703025564,164747703448541,50,422977,423027,0,10155169068
3214,0,11,164747713057426,164747713057476,164747713476281,50,418805,418855,0,10155169068
3215,0,11,164747723060708,164747723060759,164747723471560,51,410801,410852,0,10155169068
3216,0,11,164747733061440,164747733061491,164747733477736,51,416245,416296,0,10155169068
3217,0,11,164747743005100,164747743005171,164747743412860,71,407689,407760,0,10155169068
3218,0,11,164747753064283,164747753064335,164747753543307,52,478972,479024,0,10155169068
3219,0,11,164747763065245,164747763065302,164747763540118,57,474816,474873,0,10155169068
3220,0,11,164747773062655,164747773062705,164747773533963,50,471258,471308,0,10155169068
3221,0,11,164747783051815,164747783051892,164747783610570,77,558678,558755,0,10155169068
3222,0,11,164747793061181,164747793061232,164747793487845,51,426613,426664,0,10155169068
3223,0,11,164747803059433,164747803059490,164747803499303,57,439813,439870,0,10155169068
3224,0,11,164747813009270,164747813009323,164747813457296,53,447973,448026,0,10155169068
3225,0,11,164747823059910,164747823059961,164747823808268,51,748307,748358,0,10155169068
3226,0,11,164747833059603,164747833059654,164747833537167,51,477513,477564,0,10155169068
3227,0,11,164747843058161,164747843058212,164747843522428,51,464216,464267,0,10155169068
3228,0,11,164747853050322,164747853050375,164747853336674,53,286299,286352,0,10155169068
3229,0,11,164747863023764,164747863023815,164747863237868,51,214053,214104,0,10155169068
3230,0,11,164747873029655,164747873029706,164747873325060,51,295354,295405,0,10155169068
3231,0,11,164747883060204,164747883060259,164747883634072,55,573813,573868,0,10155169068
3232,0,11,164747893063263,164747893063320,164747893533147,57,469827,469884,0,10155169068
3233,0,11,164747903061218,164747903061271,164747903551374,53,490103,490156,0,10155169068
3234,0,11,164747913003016,164747913003082,164747913524782,66,521700,521766,0,10155169068
3235,0,11,164747922995844,164747922995895,164747923559353,51,563458,563509,0,10155169068
3236,0,11,164747933059789,164747933059840,164747933706021,51,646181,646232,0,10155169068
3237,0,11,164747943061315,164747943061374,164747943769009,59,707635,707694,0,10155169068
3238,0,11,164747953060525,164747953060585,164747953440153,60,379568,379628,0,10155169068
3239,0,11,164747963061015,164747963061068,164747963420407,53,359339,359392,0,10155169068
3240,0,11,164747973060222,164747973060279,164747973420627,57,360348,360405,0,10155169068
3241,0,11,164747983060962,164747983061013,164747983345272,51,284259,284310,0,10155169068
3242,0,11,164747993017538,164747993017587,164747993580630,49,563043,563092,0,10155169068
3243,0,11,164748002999520,164748002999583,164748004758059,63,1758476,1758539,0,10155169068
3244,0,11,164748012998488,164748012998538,164748013502550,50,504012,504062,0,10155169068
3245,0,11,164748023033780,164748023033837,164748023720360,57,686523,686580,0,10155169068
3246,0,11,164748033022926,164748033022993,164748033307361,67,284368,284435,0,10155169068
3247,0,11,164748043088195,164748043088252,164748043378352,57,290100,290157,0,10155169068
3248,0,11,164748053039792,164748053039849,164748053338876,57,299027,299084,0,10155169068
3249,0,11,164748063027128,164748063027191,164748063360790,63,333599,333662,0,10155169068
3250,0,11,164748073019914,164748073019965,164748073306860,51,286895,286946,0,10155169068
3251,0,11,164748082999424,164748082999504,164748083955552,80,956048,956128,0,10155169068
3252,0,11,164748092994846,164748092994919,164748093271214,73,276295,276368,0,10155169068
3253,0,11,164748103012605,164748103012685,164748103345671,80,332986,333066,0,10155169068
3254,0,11,164748113005787,164748113005830,164748113380535,43,374705,374748,0,10155169068
3255,0,11,164748123865290,164748123865332,164748124205572,42,340240,340282,0,10155169068
3256,0,11,164748133011858,164748133011909,164748133504422,51,492513,492564,0,10155169068
3257,0,11,164748143062757,164748143062808,164748143531718,51,468910,468961,0,10155169068
3258,0,11,164748153038008,164748153038059,164748153494338,51,456279,456330,0,10155169068
3259,0,11,164748163029120,164748163029170,164748163637783,50,608613,608663,0,10155169068
3260,0,11,164748173033707,164748173033758,164748173501842,51,468084,468135,0,10155169068
3261,0,11,164748183063952,164748183064003,164748183381766,51,317763,317814,0,10155169068
3262,0,11,164748193066160,164748193066217,164748193344519,57,278302,278359,0,10155169068
3263,0,11,164748203066434,164748203066485,164748203420365,51,353880,353931,0,10155169068
3264,0,11,164748213063567,164748213063618,164748213445380,51,381762,381813,0,10155169068
3265,0,11,164748223064248,164748223064307,164748223456727,59,392420,392479,0,10155169068
3266,0,11,164748232992969,164748232993046,164748233284850,77,291804,291881,0,10155169068
3267,0,11,164748243064748,164748243064799,164748243458748,51,393949,394000,0,10155169068
3268,0,11,164748253063626,164748253063676,164748253419402,50,355726,355776,0,10155169068
3269,0,11,164748263011051,164748263011108,164748263264057,57,252949,253006,0,10155169068
3270,0,11,164748273064021,164748273064072,164748273416826,51,352754,352805,0,10155169068
3271,0,11,164748283078425,164748283078505,164748283462536,80,384031,384111,0,10155169068
3272,0,11,164748292990553,164748292990613,164748293231069,60,240456,240516,0,10155169068
3273,0,11,164748303062166,164748303062217,164748303419086,51,356869,356920,0,10155169068
3274,0,11,164748313027388,164748313027439,164748313367449,51,340010,340061,0,10155169068
3275,0,11,164748323011328,164748323011402,164748323295267,74,283865,283939,0,10155169068
3276,0,11,164748333028848,164748333028899,164748333436163,51,407264,407315,0,10155169068
3277,0,11,164748343064170,164748343064227,164748343490447,57,426220,426277,0,10155169068
3278,0,11,164748353027761,164748353027812,164748353431200,51,403388,403439,0,10155169068
3279,0,11,164748363025940,164748363025991,164748363409898,51,383907,383958,0,10155169068
3280,0,11,164748373031046,164748373031096,164748373446891,50,415795,415845,0,10155169068
3281,0,11,164748383035995,164748383036046,164748383454181,51,418135,418186,0,10155169068
3282,0,11,164748393065173,164748393065230,164748393532202,57,466972,467029,0,10155169068
3283,0,11,164748403063126,164748403063183,164748403488133,57,424950,425007,0,10155169068
3284,0,11,164748413065434,164748413065491,164748413479184,57,413693,413750,0,10155169068
3285,0,11,164748423065582,164748423065633,164748423512561,51,446928,446979,0,10155169068
3286,0,11,164748433067854,164748433067905,164748433353144,51,285239,285290,0,10155169068
3287,0,11,164748443011719,164748443011768,164748443435666,49,423898,423947,0,10155169068
3288,0,11,164748453064323,164748453064378,164748453643815,55,579437,579492,0,10155169068
3289,0,11,164748463065110,164748463065161,164748463348700,51,283539,283590,0,10155169068
3290,0,11,164748473064861,164748473064912,164748473494810,51,429898,429949,0,10155169068
3291,0,11,164748483063817,164748483063876,164748483457080,59,393204,393263,0,10155169068
3292,0,11,164748493065515,164748493065566,164748493450078,51,384512,384563,0,10155169068
3293,0,11,164748503066233,164748503066290,164748503457687,57,391397,391454,0,10155169068
3294,0,11,164748513063685,164748513063738,164748513453852,53,390114,390167,0,10155169068
3295,0,11,164748523026031,164748523026074,164748523419001,43,392927,392970,0,10155169068
3296,0,11,164748532994646,164748532994700,164748533419024,54,424324,424378,0,10155169068
3297,0,11,164748542995700,164748542995751,164748543508130,51,512379,512430,0,10155169068
3298,0,11,164748553038005,164748553038064,164748553480163,59,442099,442158,0,10155169068
3299,0,11,164748563038051,164748563038110,164748563496941,59,458831,458890,0,10155169068
3300,0,11,164748573029693,164748573029744,164748573472626,51,442882,442933,0,10155169068
3301,0,11,164748583067050,164748583067101,164748583531011,51,463910,463961,0,10155169068
3302,0,11,164748593026895,164748593026948,164748593460338,53,433390,433443,0,10155169068
3303,0,11,164748603032593,164748603032645,164748603477671,52,445026,445078,0,10155169068
3304,0,11,164748613070862,164748613070913,164748613572767,51,501854,501905,0,10155169068
3305,0,11,164748623066993,164748623067052,164748623574993,59,507941,508000,0,10155169068
3306,0,11,164748632996867,164748632996918,164748633460772,51,463854,463905,0,10155169068
3307,0,11,164748643065421,164748643065478,164748643566972,57,501494,501551,0,10155169068
3308,0,11,164748653068255,164748653068314,164748653551836,59,483522,483581,0,10155169068
3309,0,11,164748663058565,164748663058624,164748663600941,59,542317,542376,0,10155169068
3310,0,11,164748673066607,164748673066658,164748673592685,51,526027,526078,0,10155169068
3311,0,11,164748683067336,164748683067387,164748683492852,51,425465,425516,0,10155169068
3312,0,11,164748693067777,164748693067828,164748693694711,51,626883,626934,0,10155169068
3313,0,11,164748703066221,164748703066281,164748703656628,60,590347,590407,0,10155169068
3314,0,11,164748713030218,164748713030268,164748713448998,50,418730,418780,0,10155169068
3315,0,11,164748723067731,164748723067788,164748723671811,57,604023,604080,0,10155169068
3316,0,11,164748733067726,164748733067778,164748733600704,52,532926,532978,0,10155169068
3317,0,11,164748743071299,164748743071350,164748743612786,51,541436,541487,0,10155169068
3318,0,11,164748753067980,164748753068030,164748753569497,50,501467,501517,0,10155169068
3319,0,11,164748763040501,164748763040552,164748763393919,51,353367,353418,0,10155169068
3320,0,11,164748773067150,164748773067202,164748773492360,52,425158,425210,0,10155169068
3321,0,11,164748783030524,164748783030581,164748783468626,57,438045,438102,0,10155169068
3322,0,11,164748793066546,164748793066597,164748793596364,51,529767,529818,0,10155169068
3323,0,11,164748803069850,164748803069905,164748803551827,55,481922,481977,0,10155169068
3324,0,11,164748813033154,164748813033205,164748813391759,51,358554,358605,0,10155169068
3325,0,11,164748823039055,164748823039112,164748823374805,57,335693,335750,0,10155169068
3326,0,11,164748833068556,164748833068607,164748833582656,51,514049,514100,0,10155169068
3327,0,11,164748843013769,164748843013820,164748843425947,51,412127,412178,0,10155169068
3328,0,11,164748853067038,164748853067089,164748853562240,51,495151,495202,0,10155169068
3329,0,11,164748863067753,164748863067804,164748863561583,51,493779,493830,0,10155169068
3330,0,11,164748873067295,164748873067346,164748873489003,51,421657,421708,0,10155169068
3331,0,11,164748883071833,164748883071892,164748883539648,59,467756,467815,0,10155169068
3332,0,11,164748893031518,164748893031588,164748893501157,70,469569,469639,0,10155169068
3333,0,11,164748903067968,164748903068019,164748903499002,51,430983,431034,0,10155169068
3334,0,11,164748913069602,164748913069655,164748913535046,53,465391,465444,0,10155169068
3335,0,11,164748923068820,164748923068878,164748923505276,58,436398,436456,0,10155169068
3336,0,11,164748933025750,164748933025801,164748933354960,51,329159,329210,0,10155169068
3337,0,11,164748943068066,164748943068126,164748943406257,60,338131,338191,0,10155169068
3338,0,11,164748953068571,164748953068624,164748953444963,53,376339,376392,0,10155169068
3339,0,11,164748963066694,164748963066745,164748963472308,51,405563,405614,0,10155169068
3340,0,11,164748973033228,164748973033281,164748973352533,53,319252,319305,0,10155169068
3341,0,11,164748983066160,164748983066211,164748983372997,51,306786,306837,0,10155169068
3342,0,11,164748993067876,164748993067928,164748993381400,52,313472,313524,0,10155169068
3343,0,11,164749003020835,164749003020916,164749004302602,81,1281686,1281767,0,10155169068
3344,0,11,164749013028747,164749013028804,164749013348231,57,319427,319484,0,10155169068
3345,0,11,164749023068509,164749023068561,164749023381381,52,312820,312872,0,10155169068
3346,0,11,164749033071029,164749033071094,164749033427127,65,356033,356098,0,10155169068
3347,0,11,164749043072613,164749043072663,164749043425581,50,352918,352968,0,10155169068
3348,0,11,164749053070933,164749053070990,164749053373974,57,302984,303041,0,10155169068
3349,0,11,164749063070724,164749063070777,164749063366553,53,295776,295829,0,10155169068
3350,0,11,164749073070998,164749073071057,164749074285275,59,1214218,1214277,0,10155169068
3351,0,11,164749083131132,164749083131297,164749083831565,165,700268,700433,0,10155169068
3352,0,11,164749093187103,164749093187269,164749093991588,166,804319,804485,0,10155169068
3353,0,11,164749103171634,164749103171824,164749103987384,190,815560,815750,0,10155169068
3354,0,11,164749113009763,164749113009884,164749114311445,121,1301561,1301682,0,10155169068
3355,0,11,164749123015536,164749123015653,164749123410188,117,394535,394652,0,10155169068
3356,0,11,164749133024485,164749133024638,164749133509545,153,484907,485060,0,10155169068
3357,0,11,164749143013960,164749143014078,164749143710001,118,695923,696041,0,10155169068
3358,0,11,164749153018764,164749153018842,164749153500767,78,481925,482003,0,10155169068
3359,0,11,164749163069782,164749163069834,164749163636184,52,566350,566402,0,10155169068
3360,0,11,164749173014556,164749173014607,164749173536276,51,521669,521720,0,10155169068
3361,0,11,164749183047184,164749183047235,164749183497842,51,450607,450658,0,10155169068
3362,0,11,164749193011786,164749193011837,164749193423564,51,411727,411778,0,10155169068
3363,0,11,164749203068832,164749203068883,164749203553484,51,484601,484652,0,10155169068
3364,0,11,164749213038507,164749213038567,164749213486952,60,448385,448445,0,10155169068
3365,0,11,164749223027191,164749223027242,164749223356000,51,328758,328809,0,10155169068
3366,0,11,164749233070022,164749233070073,164749233402030,51,331957,332008,0,10155169068
3367,0,11,164749243024606,164749243024657,164749243273241,51,248584,248635,0,10155169068
3368,0,11,164749253071274,164749253071326,164749253395806,52,324480,324532,0,10155169068
3369,0,11,164749263068764,164749263068815,164749263461394,51,392579,392630,0,10155169068
3370,0,11,164749273068456,164749273068508,164749273478568,52,410060,410112,0,10155169068
3371,0,11,164749283068890,164749283068943,164749283473545,53,404602,404655,0,10155169068
3372,0,11,164749293035329,164749293035381,164749293436528,52,401147,401199,0,10155169068
3373,0,11,164749303069824,164749303069875,164749303461962,51,392087,392138,0,10155169068
3374,0,11,164749313007128,164749313007200,164749313392683,72,385483,385555,0,10155169068
3375,0,11,164749323051320,164749323051379,164749323577460,59,526081,526140,0,10155169068
3376,0,11,164749333072185,164749333072236,164749333588971,51,516735,516786,0,10155169068
3377,0,11,164749343070993,164749343071044,164749343491256,51,420212,420263,0,10155169068
3378,0,11,164749353021525,164749353021595,164749353498853,70,477258,477328,0,10155169068
3379,0,11,164749363026012,164749363026063,164749363385530,51,359467,359518,0,10155169068
3380,0,11,164749373035676,164749373035744,164749373448708,68,412964,413032,0,10155169068
3381,0,11,164749383071061,164749383071119,164749383558046,58,486927,486985,0,10155169068
3382,0,11,164749393073302,164749393073353,164749393556572,51,483219,483270,0,10155169068
3383,0,11,164749403070486,164749403070538,164749403554408,52,483870,483922,0,10155169068
3384,0,11,164749413071883,164749413071934,164749413555905,51,483971,484022,0,10155169068
3385,0,11,164749423070623,164749423070675,164749423556380,52,485705,485757,0,10155169068
3386,0,11,164749433042579,164749433042631,164749433524341,52,481710,481762,0,10155169068
3387,0,11,164749443071393,164749443071444,164749443565833,51,494389,494440,0,10155169068
3388,0,11,164749453072264,164749453072321,164749453579646,57,507325,507382,0,10155169068
3389,0,11,164749463071448,164749463071506,164749463483486,58,411980,412038,0,10155169068
3390,0,11,164749473072826,164749473072883,164749473492375,57,419492,419549,0,10155169068
3391,0,11,164749483072343,164749483072395,164749483488635,52,416240,416292,0,10155169068
3392,0,11,164749493078680,164749493078733,164749493491617,53,412884,412937,0,10155169068
3393,0,11,164749503076271,164749503076321,164749503542886,50,466565,466615,0,10155169068
3394,0,11,164749513075975,164749513076026,164749513448216,51,372190,372241,0,10155169068
3395,0,11,164749523071984,164749523072043,164749524142358,59,1070315,1070374,0,10155169068
3396,0,11,164749533081572,164749533081737,164749534423286,165,1341549,1341714,0,10155169068
3397,0,11,164749543141838,164749543142004,164749543971556,166,829552,829718,0,10155169068
3398,0,11,164749553141514,164749553141684,164749553943718,170,802034,802204,0,10155169068
3399,0,11,164749563039262,164749563039314,164749563372556,52,333242,333294,0,10155169068
3400,0,11,164749573030242,164749573030293,164749573367237,51,336944,336995,0,10155169068
3401,0,11,164749583023551,164749583023608,164749583292826,57,269218,269275,0,10155169068
3402,0,11,164749593023689,164749593023740,164749593273207,51,249467,249518,0,10155169068
3403,0,11,164749603072739,164749603072796,164749603370264,57,297468,297525,0,10155169068
3404,0,11,164749613072309,164749613072360,164749613421055,51,348695,348746,0,10155169068
3405,0,11,164749623072634,164749623072685,164749623581857,51,509172,509223,0,10155169068
3406,0,11,164749633071437,164749633071489,164749633546293,52,474804,474856,0,10155169068
3407,0,11,164749643073347,164749643073398,164749643419350,51,345952,346003,0,10155169068
3408,0,11,164749653065578,164749653065653,164749653813514,75,747861,747936,0,10155169068
3409,0,11,164749663012463,164749663012530,164749663297277,67,284747,284814,0,10155169068
3410,0,11,164749673035578,164749673035640,164749673284529,62,248889,248951,0,10155169068
3411,0,11,164749683071800,164749683071858,164749683332499,58,260641,260699,0,10155169068
3412,0,11,164749693028491,164749693028541,164749693226778,50,198237,198287,0,10155169068
3413,0,11,164749703072164,164749703072221,164749703360585,57,288364,288421,0,10155169068
3414,0,11,164749713077466,164749713077515,164749713377592,49,300077,300126,0,10155169068
3415,0,11,164749723045844,164749723045895,164749723334202,51,288307,288358,0,10155169068
3416,0,11,164749733010029,164749733010080,164749733297670,51,287590,287641,0,10155169068
3417,0,11,164749743013584,164749743013642,164749743261653,58,248011,248069,0,10155169068
3418,0,11,164749753075777,164749753075828,164749753368727,51,292899,292950,0,10155169068
3419,0,11,164749763076657,164749763076716,164749763403275,59,326559,326618,0,10155169068
3420,0,11,164749773025918,164749773025968,164749773246561,50,220593,220643,0,10155169068
3421,0,11,164749783075671,164749783075722,164749783397372,51,321650,321701,0,10155169068
3422,0,11,164749793024570,164749793024618,164749793276307,48,251689,251737,0,10155169068
3423,0,11,164749803103645,164749803103704,164749803669049,59,565345,565404,0,10155169068
3424,0,11,164749813039641,164749813039692,164749813765059,51,725367,725418,0,10155169068
3425,0,11,164749823073073,164749823073126,164749823542258,53,469132,469185,0,10155169068
3426,0,11,164749833053640,164749833053693,164749833505505,53,451812,451865,0,10155169068
3427,0,11,164749843073608,164749843073660,164749843542246,52,468586,468638,0,10155169068
3428,0,11,164749853074858,164749853074909,164749853531139,51,456230,456281,0,10155169068
3429,0,11,164749863077183,164749863077257,164749863579810,74,502553,502627,0,10155169068
3430,0,11,164749873073835,164749873073893,164749873561178,58,487285,487343,0,10155169068
3431,0,11,164749883074053,164749883074104,164749883540707,51,466603,466654,0,10155169068
3432,0,11,164749893076900,164749893076958,164749893545291,58,468333,468391,0,10155169068
3433,0,11,164749903078610,164749903078662,164749903403398,52,324736,324788,0,10155169068
3434,0,11,164749913041301,164749913041358,164749913418167,57,376809,376866,0,10155169068
3435,0,11,164749923078564,164749923078615,164749923497288,51,418673,418724,0,10155169068
3436,0,11,164749933077501,164749933077553,164749933503060,52,425507,425559,0,10155169068
3437,0,11,164749943008374,164749943008425,164749943473024,51,464599,464650,0,10155169068
3438,0,11,164749953039474,164749953039531,164749953379271,57,339740,339797,0,10155169068
3439,0,11,164749963076291,164749963076348,164749963566082,57,489734,489791,0,10155169068
3440,0,11,164749973074103,164749973074153,164749973592771,50,518618,518668,0,10155169068
3441,0,11,164749983044123,164749983044180,164749983336561,57,292381,292438,0,10155169068
3442,0,11,164749993029953,164749993030003,164749993610712,50,580709,580759,0,10155169068
3443,0,11,164750003080189,164750003080258,164750004950374,69,1870116,1870185,0,10155169068
3444,0,11,164750013018207,164750013018277,164750013569477,70,551200,551270,0,10155169068
3445,0,11,164750023036708,164750023036760,164750023677674,52,640914,640966,0,10155169068
3446,0,11,164750033076747,164750033076812,164750033731197,65,654385,654450,0,10155169068
3447,0,11,164750043079207,164750043079287,164750043807081,80,727794,727874,0,10155169068
3448,0,11,164750053076975,164750053077032,164750053526406,57,449374,449431,0,10155169068
3449,0,11,164750063021010,164750063021059,164750063494514,49,473455,473504,0,10155169068
3450,0,11,164750073030458,164750073030518,164750073377752,60,347234,347294,0,10155169068
3451,0,11,164750083113058,164750083113110,164750083486528,52,373418,373470,0,10155169068
3452,0,11,164750093078090,164750093078149,164750093401060,59,322911,322970,0,10155169068
3453,0,11,164750103077819,164750103077869,164750103376953,50,299084,299134,0,10155169068
3454,0,11,164750113076904,164750113076962,164750113363451,58,286489,286547,0,10155169068
3455,0,11,164750123076813,164750123076864,164750123407764,51,330900,330951,0,10155169068
3456,0,11,164750133076682,164750133076741,164750133341493,59,264752,264811,0,10155169068
3457,0,11,164750143024907,164750143024975,164750143409326,68,384351,384419,0,10155169068
3458,0,11,164750153020560,164750153020653,164750153342646,93,321993,322086,0,10155169068
3459,0,11,164750163012321,164750163012392,164750163376516,71,364124,364195,0,10155169068
3460,0,11,164750173008238,164750173008305,164750173319198,67,310893,310960,0,10155169068
3461,0,11,164750183003841,164750183003902,164750183301834,61,297932,297993,0,10155169068
3462,0,11,164750193010682,164750193010732,164750193351542,50,340810,340860,0,10155169068
3463,0,11,164750203044148,164750203044207,164750203447053,59,402846,402905,0,10155169068
3464,0,11,164750213044430,164750213044487,164750213429410,57,384923,384980,0,10155169068
3465,0,11,164750223080478,164750223080529,164750223548737,51,468208,468259,0,10155169068
3466,0,11,164750233009838,164750233009889,164750233389587,51,379698,379749,0,10155169068
3467,0,11,164750243075840,164750243075897,164750243636128,57,560231,560288,0,10155169068
3468,0,11,164750253076524,164750253076581,164750253578512,57,501931,501988,0,10155169068
3469,0,11,164750263081777,164750263081832,164750263663959,55,582127,582182,0,10155169068
3470,0,11,164750273044821,164750273044878,164750273572098,57,527220,527277,0,10155169068
3471,0,11,164750283050184,164750283050236,164750283588265,52,538029,538081,0,10155169068
3472,0,11,164750293044014,164750293044065,164750293478742,51,434677,434728,0,10155169068
3473,0,11,164750303034303,164750303034354,164750303526859,51,492505,492556,0,10155169068
3474,0,11,164750313045260,164750313045311,164750313573832,51,528521,528572,0,10155169068
3475,0,11,164750323030845,164750323030898,164750323391120,53,360222,360275,0,10155169068
3476,0,11,164750333081630,164750333081681,164750333586315,51,504634,504685,0,10155169068
3477,0,11,164750343089362,164750343089412,164750343526570,50,437158,437208,0,10155169068
3478,0,11,164750353030174,164750353030233,164750353439241,59,409008,409067,0,10155169068
3479,0,11,164750363081017,164750363081076,164750363551526,59,470450,470509,0,10155169068
3480,0,11,164750373039077,164750373039151,164750373527153,74,488002,488076,0,10155169068
3481,0,11,164750383043087,164750383043137,164750383366660,50,323523,323573,0,10155169068
3482,0,11,164750393081640,164750393081696,164750393700625,56,618929,618985,0,10155169068
3483,0,11,164750403034101,164750403034152,164750403613505,51,579353,579404,0,10155169068
3484,0,11,164750413047061,164750413047112,164750413704787,51,657675,657726,0,10155169068
3485,0,11,164750423081425,164750423081476,164750423742308,51,660832,660883,0,10155169068
3486,0,11,164750433080439,164750433080496,164750433744379,57,663883,663940,0,10155169068
3487,0,11,164750443027535,164750443027596,164750443670019,61,642423,642484,0,10155169068
3488,0,11,164750453081649,164750453081721,164750453782742,72,701021,701093,0,10155169068
3489,0,11,164750463078854,164750463078911,164750463460503,57,381592,381649,0,10155169068
3490,0,11,164750473041137,164750473041189,164750473376159,52,334970,335022,0,10155169068
3491,0,11,164750483078638,164750483078695,164750483425573,57,346878,346935,0,10155169068
3492,0,11,164750493077698,164750493077749,164750493429731,51,351982,352033,0,10155169068
3493,0,11,164750503040092,164750503040141,164750503375104,49,334963,335012,0,10155169068
3494,0,11,164750513083098,164750513083155,164750513489795,57,406640,406697,0,10155169068
3495,0,11,164750523080351,164750523080409,164750523562490,58,482081,482139,0,10155169068
3496,0,11,164750533080545,164750533080596,164750533600752,51,520156,520207,0,10155169068
3497,0,11,164750543044400,164750543044441,164750543454436,41,409995,410036,0,10155169068
3498,0,11,164750553008874,164750553008915,164750553418449,41,409534,409575,0,10155169068
3499,0,11,164750563045536,164750563045588,164750563453080,52,407492,407544,0,10155169068
3500,0,11,164750573078791,164750573078843,164750573647367,52,568524,568576,0,10155169068
3501,0,11,164750583081272,164750583081322,164750583469731,50,388409,388459,0,10155169068
3502,0,11,164750593061041,164750593061094,164750593447763,53,386669,386722,0,10155169068
3503,0,11,164750603053005,164750603053062,164750603434710,57,381648,381705,0,10155169068
3504,0,11,164750613139421,164750613139499,164750613432051,78,292552,292630,0,10155169068
3505,0,11,164750623035394,164750623035446,164750623376876,52,341430,341482,0,10155169068
3506,0,11,164750633080782,164750633080833,164750633533514,51,452681,452732,0,10155169068
3507,0,11,164750643080808,164750643080867,164750643544579,59,463712,463771,0,10155169068
3508,0,11,164750653079448,164750653079499,164750653533515,51,454016,454067,0,10155169068
3509,0,11,164750663079960,164750663080017,164750663543674,57,463657,463714,0,10155169068
3510,0,11,164750673081649,164750673081700,164750673551178,51,469478,469529,0,10155169068
3511,0,11,164750683005902,164750683005973,164750683415541,71,409568,409639,0,10155169068
3512,0,11,164750693042026,164750693042084,164750693704087,58,662003,662061,0,10155169068
3513,0,11,164750703039707,164750703039787,164750703698199,80,658412,658492,0,10155169068
3514,0,11,164750713046210,164750713046261,164750713333437,51,287176,287227,0,10155169068
3515,0,11,164750723078884,164750723078935,164750723589128,51,510193,510244,0,10155169068
3516,0,11,164750733046145,164750733046195,164750733472821,50,426626,426676,0,10155169068
3517,0,11,164750743031814,164750743031866,164750743240626,52,208760,208812,0,10155169068
3518,0,11,164750753081632,164750753081683,164750753525889,51,444206,444257,0,10155169068
3519,0,11,164750763046265,164750763046316,164750763479808,51,433492,433543,0,10155169068
3520,0,11,164750773084369,164750773084421,164750773438499,52,354078,354130,0,10155169068
3521,0,11,164750783027893,164750783027945,164750783602716,52,574771,574823,0,10155169068
3522,0,11,164750793088866,164750793088917,164750793729174,51,640257,640308,0,10155169068
3523,0,11,164750803083754,164750803083805,164750803658610,51,574805,574856,0,10155169068
3524,0,11,164750813047221,164750813047272,164750813690459,51,643187,643238,0,10155169068
3525,0,11,164750823036815,164750823036866,164750823438459,51,401593,401644,0,10155169068
3526,0,11,164750833079888,164750833079941,164750833464262,53,384321,384374,0,10155169068
3527,0,11,164750843080050,164750843080101,164750843463685,51,383584,383635,0,10155169068
3528,0,11,164750853082973,164750853083030,164750853396501,57,313471,313528,0,10155169068
3529,0,11,164750863046621,164750863046673,164750863389179,52,342506,342558,0,10155169068
3530,0,11,164750873081361,164750873081419,164750873458430,58,377011,377069,0,10155169068
3531,0,11,164750883083857,164750883083908,164750883488091,51,404183,404234,0,10155169068
3532,0,11,164750893081255,164750893081312,164750893476306,57,394994,395051,0,10155169068
3533,0,11,164750903081112,164750903081169,164750903469648,57,388479,388536,0,10155169068
3534,0,11,164750913082312,164750913082365,164750913363725,53,281360,281413,0,10155169068
3535,0,11,164750923080195,164750923080246,164750923484605,51,404359,404410,0,10155169068
3536,0,11,164750933080576,164750933080634,164750933467239,58,386605,386663,0,10155169068
3537,0,11,164750943081604,164750943081662,164750943467829,58,386167,386225,0,10155169068
3538,0,11,164750953046738,164750953046799,164750953300868,61,254069,254130,0,10155169068
3539,0,11,164750963083097,164750963083148,164750963341269,51,258121,258172,0,10155169068
3540,0,11,164750973083300,164750973083353,164750973340306,53,256953,257006,0,10155169068
3541,0,11,164750983081901,164750983081954,164750983338410,53,256456,256509,0,10155169068
3542,0,11,164750993083480,164750993083531,164750993342643,51,259112,259163,0,10155169068
3543,0,11,164751003028040,164751003028134,164751003587460,94,559326,559420,0,10155169068
3544,0,11,164751013005531,164751013005583,164751013277737,52,272154,272206,0,10155169068
3545,0,11,164751023054916,164751023054967,164751023653310,51,598343,598394,0,10155169068
3546,0,11,164751033055944,164751033056008,164751033592592,64,536584,536648,0,10155169068
3547,0,11,164751043082227,164751043082286,164751043622143,59,539857,539916,0,10155169068
3548,0,11,164751053083455,164751053083507,164751054686883,52,1603376,1603428,0,10155169068
3549,0,11,164751063102407,164751063102572,164751064765862,165,1663290,1663455,0,10155169068
3550,0,11,164751073211351,164751073211516,164751075081490,165,1869974,1870139,0,10155169068
3551,0,11,164751083152471,164751083152641,164751084694299,170,1541658,1541828,0,10155169068
3552,0,11,164751093047695,164751093047746,164751093654140,51,606394,606445,0,10155169068
3553,0,11,164751103084205,164751103084256,164751104449049,51,1364793,1364844,0,10155169068
3554,0,11,164751113152606,164751113152776,164751114232854,170,1080078,1080248,0,10155169068
3555,0,11,164751123149856,164751123150021,164751124223359,165,1073338,1073503,0,10155169068
3556,0,11,164751133145487,164751133145673,164751134397715,186,1252042,1252228,0,10155169068
3557,0,11,164751143145690,164751143145875,164751144569420,185,1423545,1423730,0,10155169068
3558,0,11,164751153156862,164751153157027,164751154964958,165,1807931,1808096,0,10155169068
3559,0,11,164751163153877,164751163154072,164751163859597,195,705525,705720,0,10155169068
3560,0,11,164751173155637,164751173155828,164751173927852,191,772024,772215,0,10155169068
3561,0,11,164751183119906,164751183120071,164751183774664,165,654593,654758,0,10155169068
3562,0,11,164751193133038,164751193133203,164751193771072,165,637869,638034,0,10155169068
3563,0,11,164751203083569,164751203083620,164751203411961,51,328341,328392,0,10155169068
3564,0,11,164751213023840,164751213023902,164751213318007,62,294105,294167,0,10155169068
3565,0,11,164751222986397,164751222986468,164751223396262,71,409794,409865,0,10155169068
3566,0,11,164751233034964,164751233035019,164751233428604,55,393585,393640,0,10155169068
3567,0,11,164751243031522,164751243031602,164751243422087,80,390485,390565,0,10155169068
3568,0,11,164751253086365,164751253086416,164751253485840,51,399424,399475,0,10155169068
3569,0,11,164751263083996,164751263084049,164751263505907,53,421858,421911,0,10155169068
3570,0,11,164751273083977,164751273084028,164751273518461,51,434433,434484,0,10155169068
3571,0,11,164751283083675,164751283083727,164751283505406,52,421679,421731,0,10155169068
3572,0,11,164751293089059,164751293089116,164751293544461,57,455345,455402,0,10155169068
3573,0,11,164751303087120,164751303087171,164751303542413,51,455242,455293,0,10155169068
3574,0,11,164751313049934,164751313049985,164751313497029,51,447044,447095,0,10155169068
3575,0,11,164751323036634,164751323036684,164751323379806,50,343122,343172,0,10155169068
3576,0,11,164751333086940,164751333086990,164751333563260,50,476270,476320,0,10155169068
3577,0,11,164751343083867,164751343083918,164751343575315,51,491397,491448,0,10155169068
3578,0,11,164751353085794,164751353085845,164751353567547,51,481702,481753,0,10155169068
3579,0,11,164751363087266,164751363087323,164751363584864,57,497541,497598,0,10155169068
3580,0,11,164751373084410,164751373084461,164751373478312,51,393851,393902,0,10155169068
3581,0,11,164751383026128,164751383026197,164751383447133,69,420936,421005,0,10155169068
3582,0,11,164751393059157,164751393059208,164751393500443,51,441235,441286,0,10155169068
3583,0,11,164751403044133,164751403044185,164751403320010,52,275825,275877,0,10155169068
3584,0,11,164751413086569,164751413086620,164751413380339,51,293719,293770,0,10155169068
3585,0,11,164751423086453,164751423086505,164751423382525,52,296020,296072,0,10155169068
3586,0,11,164751433057723,164751433057775,164751433529109,52,471334,471386,0,10155169068
3587,0,11,164751443086503,164751443086560,164751443703758,57,617198,617255,0,10155169068
3588,0,11,164751453085044,164751453085101,164751453689780,57,604679,604736,0,10155169068
3589,0,11,164751463039997,164751463040048,164751463726031,51,685983,686034,0,10155169068
3590,0,11,164751473088545,164751473088596,164751473682729,51,594133,594184,0,10155169068
3591,0,11,164751483086770,164751483086821,164751483760763,51,673942,673993,0,10155169068
3592,0,11,164751493088349,164751493088406,164751493734895,57,646489,646546,0,10155169068
3593,0,11,164751503064435,164751503064486,164751503337349,51,272863,272914,0,10155169068
3594,0,11,164751513087355,164751513087405,164751513496845,50,409440,409490,0,10155169068
3595,0,11,164751523100977,164751523101028,164751523513084,51,412056,412107,0,10155169068
3596,0,11,164751533089774,164751533089825,164751533517833,51,428008,428059,0,10155169068
3597,0,11,164751543086351,164751543086402,164751543451282,51,364880,364931,0,10155169068
3598,0,11,164751553087756,164751553087807,164751553678712,51,590905,590956,0,10155169068
3599,0,11,164751563054814,164751563054864,164751563633696,50,578832,578882,0,10155169068
3600,0,11,164751573087473,164751573087524,164751573665445,51,577921,577972,0,10155169068
3601,0,11,164751583088691,164751583088743,164751583674612,52,585869,585921,0,10155169068
3602,0,11,164751593086974,164751593087025,164751593670329,51,583304,583355,0,10155169068
3603,0,11,164751603086643,164751603086694,164751603657016,51,570322,570373,0,10155169068
3604,0,11,164751613040948,164751613040999,164751613518530,51,477531,477582,0,10155169068
3605,0,11,164751623087066,164751623087126,164751623569587,60,482461,482521,0,10155169068
3606,0,11,164751633086088,164751633086139,164751633551497,51,465358,465409,0,10155169068
3607,0,11,164751643086309,164751643086360,164751643568026,51,481666,481717,0,10155169068
3608,0,11,164751653091538,164751653091596,164751653588877,58,497281,497339,0,10155169068
3609,0,11,164751663091561,164751663091611,164751663593610,50,501999,502049,0,10155169068
3610,0,11,164751673042060,164751673042102,164751673570667,42,528565,528607,0,10155169068
3611,0,11,164751684991673,164751684991736,164751685501887,63,510151,510214,0,10155169068
3612,0,11,164751693036045,164751693036098,164751693445050,53,408952,409005,0,10155169068
3613,0,11,164751703087565,164751703087624,164751703718117,59,630493,630552,0,10155169068
3614,0,11,164751713067732,164751713067789,164751713599871,57,532082,532139,0,10155169068
3615,0,11,164751723089824,164751723089876,164751723718349,52,628473,628525,0,10155169068
3616,0,11,164751733087680,164751733087737,164751733646411,57,558674,558731,0,10155169068
3617,0,11,164751743039107,164751743039158,164751743644539,51,605381,605432,0,10155169068
3618,0,11,164751753089203,164751753089254,164751753781228,51,691974,692025,0,10155169068
3619,0,11,164751763088705,164751763088762,164751763392247,57,303485,303542,0,10155169068
3620,0,11,164751773089576,164751773089636,164751773398132,60,308496,308556,0,10155169068
3621,0,11,164751783090141,164751783090198,164751783393790,57,303592,303649,0,10155169068
3622,0,11,164751793087999,164751793088050,164751793385845,51,297795,297846,0,10155169068
3623,0,11,164751803088103,164751803088154,164751803389765,51,301611,301662,0,10155169068
3624,0,11,164751813053788,164751813053838,164751813342901,50,289063,289113,0,10155169068
3625,0,11,164751823049405,164751823049458,164751823460464,53,411006,411059,0,10155169068
3626,0,11,164751833087922,164751833087974,164751833466534,52,378560,378612,0,10155169068
3627,0,11,164751843127518,164751843127571,164751843529902,53,402331,402384,0,10155169068
3628,0,11,164751853087879,164751853087936,164751853455983,57,368047,368104,0,10155169068
3629,0,11,164751863051128,164751863051179,164751863448069,51,396890,396941,0,10155169068
3630,0,11,164751873087561,164751873087614,164751873465080,53,377466,377519,0,10155169068
3631,0,11,164751883091367,164751883091418,164751883462763,51,371345,371396,0,10155169068
3632,0,11,164751893095067,164751893097010,164751893489947,1943,392937,394880,0,10155169068
3633,0,11,164751903088001,164751903088058,164751903354967,57,266909,266966,0,10155169068
3634,0,11,164751913049084,164751913049135,164751913542008,51,492873,492924,0,10155169068
3635,0,11,164751923089815,164751923089868,164751923537618,53,447750,447803,0,10155169068
3636,0,11,164751933090803,164751933090862,164751933610792,59,519930,519989,0,10155169068
3637,0,11,164751943090763,164751943090814,164751943503171,51,412357,412408,0,10155169068
3638,0,11,164751953090520,164751953090571,164751953645352,51,554781,554832,0,10155169068
3639,0,11,164751963090641,164751963090710,164751963482392,69,391682,391751,0,10155169068
3640,0,11,164751973147182,164751973147367,164751973965864,185,818497,818682,0,10155169068
3641,0,11,164751983155047,164751983155232,164751984818061,185,1662829,1663014,0,10155169068
3642,0,11,164751993124933,164751993125104,164751994894845,171,1769741,1769912,0,10155169068
3643,0,11,164752004303030,164752004303306,164752005887061,276,1583755,1584031,0,10155169068
3644,0,11,164752013086026,164752013086277,164752014333665,251,1247388,1247639,0,10155169068
3645,0,11,164752023051554,164752023051605,164752023349072,51,297467,297518,0,10155169068
3646,0,11,164752033038367,164752033038417,164752033275767,50,237350,237400,0,10155169068
3647,0,11,164752043090827,164752043090886,164752043390276,59,299390,299449,0,10155169068
3648,0,11,164752053092115,164752053092166,164752054159345,51,1067179,1067230,0,10155169068
3649,0,11,164752063162045,164752063162216,164752064361485,171,1199269,1199440,0,10155169068
3650,0,11,164752073156233,164752073156404,164752074741232,171,1584828,1584999,0,10155169068
3651,0,11,164752083123454,164752083123624,164752084237446,170,1113822,1113992,0,10155169068
3652,0,11,164752093157976,164752093158141,164752094555951,165,1397810,1397975,0,10155169068
3653,0,11,164752103154073,164752103154238,164752103976128,165,821890,822055,0,10155169068
3654,0,11,164752113126756,164752113126922,164752113869397,166,742475,742641,0,10155169068
3655,0,11,164752123094843,164752123094894,164752123609046,51,514152,514203,0,10155169068
3656,0,11,164752133091071,164752133091122,164752133653030,51,561908,561959,0,10155169068
3657,0,11,164752143091974,164752143092025,164752143762000,51,669975,670026,0,10155169068
3658,0,11,164752153093606,164752153093664,164752153749026,58,655362,655420,0,10155169068
3659,0,11,164752163092350,164752163092401,164752163554035,51,461634,461685,0,10155169068
3660,0,11,164752173060980,164752173061031,164752173531775,51,470744,470795,0,10155169068
3661,0,11,164752183091430,164752183091481,164752184490724,51,1399243,1399294,0,10155169068
3662,0,11,164752193065182,164752193065234,164752193628226,52,562992,563044,0,10155169068
3663,0,11,164752203168146,164752203168312,164752204495643,166,1327331,1327497,0,10155169068
3664,0,11,164752213088408,164752213088573,164752214122885,165,1034312,1034477,0,10155169068
3665,0,11,164752223091044,164752223091103,164752223500043,59,408940,408999,0,10155169068
3666,0,11,164752233031050,164752233031141,164752233498661,91,467520,467611,0,10155169068
3667,0,11,164752242993289,164752242993370,164752243439883,81,446513,446594,0,10155169068
3668,0,11,164752253038661,164752253038734,164752253395675,73,356941,357014,0,10155169068
3669,0,11,164752263058493,164752263058544,164752263360891,51,302347,302398,0,10155169068
3670,0,11,164752273060948,164752273060999,164752273472700,51,411701,411752,0,10155169068
3671,0,11,164752283093290,164752283093341,164752283758205,51,664864,664915,0,10155169068
3672,0,11,164752293072201,164752293072252,164752293672350,51,600098,600149,0,10155169068
3673,0,11,164752303092979,164752303093032,164752303815755,53,722723,722776,0,10155169068
3674,0,11,164752313057547,164752313057609,164752313340448,62,282839,282901,0,10155169068
3675,0,11,164752323008904,164752323008955,164752323215099,51,206144,206195,0,10155169068
3676,0,11,164752333093267,164752333093318,164752333385552,51,292234,292285,0,10155169068
3677,0,11,164752343090946,164752343090998,164752343377806,52,286808,286860,0,10155169068
3678,0,11,164752353056115,164752353056166,164752353292437,51,236271,236322,0,10155169068
3679,0,11,164752363092393,164752363092444,164752363378525,51,286081,286132,0,10155169068
3680,0,11,164752373057798,164752373057866,164752373450522,68,392656,392724,0,10155169068
3681,0,11,164752383067454,164752383067514,164752383354367,60,286853,286913,0,10155169068
3682,0,11,164752393091843,164752393091893,164752393457334,50,365441,365491,0,10155169068
3683,0,11,164752403092493,164752403092550,164752403444346,57,351796,351853,0,10155169068
3684,0,11,164752413092108,164752413092159,164752413384358,51,292199,292250,0,10155169068
3685,0,11,164752423061228,164752423061279,164752423354319,51,293040,293091,0,10155169068
3686,0,11,164752433044244,164752433044295,164752433326989,51,282694,282745,0,10155169068
3687,0,11,164752443057231,164752443057280,164752443368103,49,310823,310872,0,10155169068
3688,0,11,164752453093033,164752453093092,164752453407999,59,314907,314966,0,10155169068
3689,0,11,164752463094501,164752463094558,164752463382482,57,287924,287981,0,10155169068
3690,0,11,164752473093313,164752473093365,164752473370887,52,277522,277574,0,10155169068
3691,0,11,164752483095458,164752483095515,164752483380151,57,284636,284693,0,10155169068
3692,0,11,164752493095261,164752493095312,164752493379459,51,284147,284198,0,10155169068
3693,0,11,164752503096217,164752503096268,164752503389881,51,293613,293664,0,10155169068
3694,0,11,164752513096255,164752513096306,164752513395674,51,299368,299419,0,10155169068
3695,0,11,164752523056534,164752523056585,164752523378237,51,321652,321703,0,10155169068
3696,0,11,164752533101205,164752533101256,164752533433343,51,332087,332138,0,10155169068
3697,0,11,164752543096370,164752543096421,164752543590812,51,494391,494442,0,10155169068
3698,0,11,164752553095609,164752553095668,164752553556885,59,461217,461276,0,10155169068
3699,0,11,164752563087422,164752563087477,164752563445779,55,358302,358357,0,10155169068
3700,0,11,164752573025491,164752573025532,164752573484636,41,459104,459145,0,10155169068
3701,0,11,164752583027170,164752583027220,164752583591891,50,564671,564721,0,10155169068
3702,0,11,164752593093258,164752593093309,164752593501139,51,407830,407881,0,10155169068
3703,0,11,164752603094110,164752603094162,164752603547960,52,453798,453850,0,10155169068
3704,0,11,164752613060183,164752613060234,164752613464229,51,403995,404046,0,10155169068
3705,0,11,164752623094816,164752623094867,164752623508300,51,413433,413484,0,10155169068
3706,0,11,164752633094483,164752633094534,164752633396680,51,302146,302197,0,10155169068
3707,0,11,164752643060668,164752643060719,164752643343533,51,282814,282865,0,10155169068
3708,0,11,164752653095023,164752653095081,164752653392987,58,297906,297964,0,10155169068
3709,0,11,164752663021639,164752663021692,164752663237692,53,216000,216053,0,10155169068
3710,0,11,164752673094613,164752673094664,164752673391535,51,296871,296922,0,10155169068
3711,0,11,164752683058883,164752683058934,164752683347327,51,288393,288444,0,10155169068
3712,0,11,164752693096110,164752693096161,164752693487426,51,391265,391316,0,10155169068
3713,0,11,164752703095898,164752703095949,164752703444687,51,348738,348789,0,10155169068
3714,0,11,164752713056975,164752713057026,164752713481869,51,424843,424894,0,10155169068
3715,0,11,164752723095269,164752723095320,164752723573531,51,478211,478262,0,10155169068
3716,0,11,164752733095280,164752733095331,164752733508959,51,413628,413679,0,10155169068
3717,0,11,164752743100825,164752743100878,164752743397334,53,296456,296509,0,10155169068
3718,0,11,164752753065634,164752753065685,164752753350548,51,284863,284914,0,10155169068
3719,0,11,164752763096158,164752763096215,164752763385475,57,289260,289317,0,10155169068
3720,0,11,164752773098622,164752773098675,164752773393456,53,294781,294834,0,10155169068
3721,0,11,164752783057870,164752783057923,164752783335025,53,277102,277155,0,10155169068
3722,0,11,164752793096237,164752793096290,164752793646974,53,550684,550737,0,10155169068
3723,0,11,164752803096210,164752803096261,164752803563842,51,467581,467632,0,10155169068
3724,0,11,164752813059824,164752813059875,164752813341830,51,281955,282006,0,10155169068
3725,0,11,164752823097005,164752823097056,164752823380036,51,282980,283031,0,10155169068
3726,0,11,164752833098278,164752833098329,164752833391064,51,292735,292786,0,10155169068
3727,0,11,164752843165969,164752843166027,164752843454840,58,288813,288871,0,10155169068
3728,0,11,164752853099317,164752853099374,164752853378321,57,278947,279004,0,10155169068
3729,0,11,164752863097309,164752863097360,164752863381326,51,283966,284017,0,10155169068
3730,0,11,164752873098729,164752873098786,164752873384165,57,285379,285436,0,10155169068
3731,0,11,164752883097296,164752883097354,164752883376436,58,279082,279140,0,10155169068
3732,0,11,164752893098430,164752893098481,164752893436050,51,337569,337620,0,10155169068
3733,0,11,164752903134382,164752903134435,164752903620791,53,486356,486409,0,10155169068
3734,0,11,164752913081951,164752913082010,164752913396291,59,314281,314340,0,10155169068
3735,0,11,164752923098946,164752923098998,164752923363089,52,264091,264143,0,10155169068
3736,0,11,164752933099803,164752933099855,164752934179509,52,1079654,1079706,0,10155169068
3737,0,11,164752943099183,164752943099234,164752943700481,51,601247,601298,0,10155169068
3738,0,11,164752953052167,164752953052208,164752953800560,41,748352,748393,0,10155169068
3739,0,11,164752963067810,164752963067861,164752963787603,51,719742,719793,0,10155169068
3740,0,11,164752973032029,164752973032089,164752973667116,60,635027,635087,0,10155169068
3741,0,11,164752983049662,164752983049715,164752983561958,53,512243,512296,0,10155169068
3742,0,11,164752993042971,164752993043021,164752993252822,50,209801,209851,0,10155169068
3743,0,11,164753003253647,164753003253710,164753004432792,63,1179082,1179145,0,10155169068
3744,0,11,164753013043093,164753013043142,164753013348438,49,305296,305345,0,10155169068
3745,0,11,164753023052890,164753023052941,164753023307985,51,255044,255095,0,10155169068
3746,0,11,164753033098316,164753033098380,164753033554979,64,456599,456663,0,10155169068
3747,0,11,164753043064468,164753043064521,164753043653719,53,589198,589251,0,10155169068
3748,0,11,164753053096254,164753053096305,164753053778019,51,681714,681765,0,10155169068
3749,0,11,164753063063605,164753063063673,164753063329732,68,266059,266127,0,10155169068
3750,0,11,164753073099581,164753073099641,164753073374475,60,274834,274894,0,10155169068
3751,0,11,164753083098220,164753083098272,164753083375317,52,277045,277097,0,10155169068
3752,0,11,164753093096809,164753093096860,164753093661075,51,564215,564266,0,10155169068
3753,0,11,164753103064273,164753103064324,164753103618449,51,554125,554176,0,10155169068
3754,0,11,164753113064503,164753113064552,164753113331103,49,266551,266600,0,10155169068
3755,0,11,164753123100538,164753123100591,164753123372049,53,271458,271511,0,10155169068
3756,0,11,164753133100033,164753133100091,164753133376976,58,276885,276943,0,10155169068
3757,0,11,164753143101261,164753143101318,164753143364941,57,263623,263680,0,10155169068
3758,0,11,164753153102767,164753153102818,164753153684105,51,581287,581338,0,10155169068
3759,0,11,164753163049176,164753163049227,164753163734818,51,685591,685642,0,10155169068
3760,0,11,164753173100781,164753173100834,164753173649566,53,548732,548785,0,10155169068
3761,0,11,164753183098297,164753183098348,164753183656751,51,558403,558454,0,10155169068
3762,0,11,164753193100664,164753193100715,164753193812695,51,711980,712031,0,10155169068
3763,0,11,164753203044833,164753203044884,164753203301921,51,257037,257088,0,10155169068
3764,0,11,164753213071552,164753213071616,164753213551697,64,480081,480145,0,10155169068
3765,0,11,164753223098810,164753223098861,164753223384564,51,285703,285754,0,10155169068
3766,0,11,164753233069997,164753233070048,164753233347075,51,277027,277078,0,10155169068
3767,0,11,164753243099660,164753243099711,164753243394505,51,294794,294845,0,10155169068
3768,0,11,164753253053257,164753253053329,164753253698166,72,644837,644909,0,10155169068
3769,0,11,164753263608018,164753263608074,164753264247335,56,639261,639317,0,10155169068
3770,0,11,164753273037912,164753273037990,164753273479794,78,441804,441882,0,10155169068
3771,0,11,164753283050786,164753283050874,164753283476528,88,425654,425742,0,10155169068
3772,0,11,164753293048926,164753293048976,164753293418481,50,369505,369555,0,10155169068
3773,0,11,164753303100562,164753303100618,164753303693717,56,593099,593155,0,10155169068
3774,0,11,164753313064984,164753313065035,164753313545540,51,480505,480556,0,10155169068
3775,0,11,164753323099980,164753323100037,164753323356563,57,256526,256583,0,10155169068
3776,0,11,164753333083059,164753333083112,164753333637948,53,554836,554889,0,10155169068
3777,0,11,164753343098731,164753343098788,164753343708578,57,609790,609847,0,10155169068
3778,0,11,164753353053205,164753353053256,164753353458401,51,405145,405196,0,10155169068
3779,0,11,164753363099370,164753363099421,164753363636902,51,537481,537532,0,10155169068
3780,0,11,164753373068415,164753373068465,164753373720077,50,651612,651662,0,10155169068
3781,0,11,164753383102166,164753383102217,164753383390208,51,287991,288042,0,10155169068
3782,0,11,164753393103546,164753393103605,164753393641553,59,537948,538007,0,10155169068
3783,0,11,164753403066800,164753403066852,164753403506898,52,440046,440098,0,10155169068
3784,0,11,164753413105364,164753413105414,164753413646606,50,541192,541242,0,10155169068
3785,0,11,164753423102631,164753423102690,164753423404801,59,302111,302170,0,10155169068
3786,0,11,164753433068417,164753433068469,164753433729672,52,661203,661255,0,10155169068
3787,0,11,164753443102230,164753443102287,164753443768367,57,666080,666137,0,10155169068
3788,0,11,164753453099363,164753453099416,164753454611392,53,1511976,1512029,0,10155169068
3789,0,11,164753463075633,164753463075684,164753464088232,51,1012548,1012599,0,10155169068
3790,0,11,164753473094914,164753473095092,164753474360005,178,1264913,1265091,0,10155169068
3791,0,11,164753483088135,164753483088285,164753484198354,150,1110069,1110219,0,10155169068
3792,0,11,164753493161924,164753493162072,164753494667471,148,1505399,1505547,0,10155169068
3793,0,11,164753503099571,164753503099739,164753504531889,168,1432150,1432318,0,10155169068
3794,0,11,164753513168733,164753513168885,164753513988042,152,819157,819309,0,10155169068
3795,0,11,164753523171089,164753523171235,164753524934950,146,1763715,1763861,0,10155169068
3796,0,11,164753533170633,164753533170785,164753534802382,152,1631597,1631749,0,10155169068
3797,0,11,164753543168943,164753543169095,164753544877214,152,1708119,1708271,0,10155169068
3798,0,11,164753553070460,164753553070523,164753553811494,63,740971,741034,0,10155169068
3799,0,11,164753563099670,164753563099721,164753563811211,51,711490,711541,0,10155169068
3800,0,11,164753573103693,164753573103753,164753573757962,60,654209,654269,0,10155169068
3801,0,11,164753583050371,164753583050422,164753583378379,51,327957,328008,0,10155169068
3802,0,11,164753593056241,164753593056293,164753593334694,52,278401,278453,0,10155169068
3803,0,11,164753603100586,164753603100637,164753603395056,51,294419,294470,0,10155169068
3804,0,11,164753613102808,164753613102859,164753613389566,51,286707,286758,0,10155169068
3805,0,11,164753623103614,164753623103667,164753623611932,53,508265,508318,0,10155169068
3806,0,11,164753633102655,164753633102712,164753633529897,57,427185,427242,0,10155169068
3807,0,11,164753643100218,164753643100269,164753643529443,51,429174,429225,0,10155169068
3808,0,11,164753653100048,164753653100099,164753653526544,51,426445,426496,0,10155169068
3809,0,11,164753663101336,164753663101389,164753663530684,53,429295,429348,0,10155169068
3810,0,11,164753673104158,164753673104217,164753673530247,59,426030,426089,0,10155169068
3811,0,11,164753683101541,164753683101600,164753683531323,59,429723,429782,0,10155169068
3812,0,11,164753693070331,164753693070382,164753693493996,51,423614,423665,0,10155169068
3813,0,11,164753703076141,164753703076192,164753703386084,51,309892,309943,0,10155169068
3814,0,11,164753713060667,164753713060718,164753713445673,51,384955,385006,0,10155169068
3815,0,11,164753723104383,164753723104435,164753723512757,52,408322,408374,0,10155169068
3816,0,11,164753733102043,164753733102094,164753733501825,51,399731,399782,0,10155169068
3817,0,11,164753743073945,164753743074003,164753743456561,58,382558,382616,0,10155169068
3818,0,11,164753753103620,164753753103671,164753753596285,51,492614,492665,0,10155169068
3819,0,11,164753763075302,164753763075359,164753763647844,57,572485,572542,0,10155169068
3820,0,11,164753773103069,164753773103120,164753773662081,51,558961,559012,0,10155169068
3821,0,11,164753783046245,164753783046325,164753783975187,80,928862,928942,0,10155169068
3822,0,11,164753793047901,164753793047959,164753793699282,58,651323,651381,0,10155169068
3823,0,11,164753803049215,164753803049278,164753803638532,63,589254,589317,0,10155169068
3824,0,11,164753813065608,164753813065672,164753813401050,64,335378,335442,0,10155169068
3825,0,11,164753823040692,164753823040743,164753823270520,51,229777,229828,0,10155169068
3826,0,11,164753833107380,164753833107437,164753833575882,57,468445,468502,0,10155169068
3827,0,11,164753843103586,164753843103637,164753843605811,51,502174,502225,0,10155169068
3828,0,11,164753853104451,164753853104501,164753853611446,50,506945,506995,0,10155169068
3829,0,11,164753863076411,164753863076461,164753863353016,50,276555,276605,0,10155169068
3830,0,11,164753873106134,164753873106186,164753873460379,52,354193,354245,0,10155169068
3831,0,11,164753883104291,164753883104342,164753883577642,51,473300,473351,0,10155169068
3832,0,11,164753893070569,164753893070631,164753893378082,62,307451,307513,0,10155169068
3833,0,11,164753903079268,164753903079323,164753903399693,55,320370,320425,0,10155169068
3834,0,11,164753913109443,164753913109499,164753913425408,56,315909,315965,0,10155169068
3835,0,11,164753923110305,164753923110360,164753923425511,55,315151,315206,0,10155169068
3836,0,11,164753933111156,164753933111213,164753933487904,57,376691,376748,0,10155169068
3837,0,11,164753943110454,164753943110509,164753943464773,55,354264,354319,0,10155169068
3838,0,11,164753953111517,164753953111574,164753953545842,57,434268,434325,0,10155169068
3839,0,11,164753963106541,164753963106593,164753963571308,52,464715,464767,0,10155169068
3840,0,11,164753973102994,164753973103053,164753973514621,59,411568,411627,0,10155169068
3841,0,11,164753983104935,164753983104986,164753983381825,51,276839,276890,0,10155169068
3842,0,11,164753993105248,164753993105299,164753993381660,51,276361,276412,0,10155169068
3843,0,11,164754003045863,164754003045937,164754003360066,74,314129,314203,0,10155169068
3844,0,11,164754013078085,164754013078143,164754013351067,58,272924,272982,0,10155169068
3845,0,11,164754023079904,164754023079961,164754023382613,57,302652,302709,0,10155169068
3846,0,11,164754033108901,164754033108972,164754033422837,71,313865,313936,0,10155169068
3847,0,11,164754043056393,164754043056444,164754043394396,51,337952,338003,0,10155169068
3848,0,11,164754053038157,164754053038210,164754053627552,53,589342,589395,0,10155169068
3849,0,11,164754063050098,164754063050149,164754064797883,51,1747734,1747785,0,10155169068
3850,0,11,164754073176938,164754073177103,164754074598187,165,1421084,1421249,0,10155169068
3851,0,11,164754083176217,164754083176383,164754085086409,166,1910026,1910192,0,10155169068
3852,0,11,164754093168992,164754093169158,164754095030026,166,1860868,1861034,0,10155169068
3853,0,11,164754103175584,164754103175750,164754104861356,166,1685606,1685772,0,10155169068
3854,0,11,164754113063027,164754113063119,164754113869376,92,806257,806349,0,10155169068
3855,0,11,164754123105260,164754123105311,164754123738168,51,632857,632908,0,10155169068
3856,0,11,164754133102795,164754133102846,164754133527533,51,424687,424738,0,10155169068
3857,0,11,164754143076321,164754143076381,164754143616786,60,540405,540465,0,10155169068
3858,0,11,164754153165463,164754153165654,164754154733051,191,1567397,1567588,0,10155169068
3859,0,11,164754163176691,164754163176856,164754164793187,165,1616331,1616496,0,10155169068
3860,0,11,164754173106650,164754173106701,164754173601608,51,494907,494958,0,10155169068
3861,0,11,164754183168645,164754183168811,164754184539322,166,1370511,1370677,0,10155169068
3862,0,11,164754193109630,164754193109791,164754194093726,161,983935,984096,0,10155169068
3863,0,11,164754203171706,164754203171871,164754204382226,165,1210355,1210520,0,10155169068
3864,0,11,164754213167859,164754213168029,164754214031926,170,863897,864067,0,10155169068
3865,0,11,164754223176876,164754223177046,164754224098337,170,921291,921461,0,10155169068
3866,0,11,164754233067104,164754233067155,164754233409868,51,342713,342764,0,10155169068
3867,0,11,164754243108649,164754243108708,164754243531207,59,422499,422558,0,10155169068
3868,0,11,164754253077076,164754253077134,164754253476566,58,399432,399490,0,10155169068
3869,0,11,164754263118872,164754263118932,164754263606916,60,487984,488044,0,10155169068
3870,0,11,164754273131459,164754273131516,164754273535002,57,403486,403543,0,10155169068
3871,0,11,164754283054875,164754283054924,164754283371857,49,316933,316982,0,10155169068
3872,0,11,164754293108855,164754293108906,164754293437332,51,328426,328477,0,10155169068
3873,0,11,164754303106750,164754303106801,164754303475198,51,368397,368448,0,10155169068
3874,0,11,164754313036976,164754313037026,164754313289199,50,252173,252223,0,10155169068
3875,0,11,164754323038409,164754323038459,164754323641338,50,602879,602929,0,10155169068
3876,0,11,164754333068919,164754333068988,164754333328382,69,259394,259463,0,10155169068
3877,0,11,164754343107963,164754343108016,164754343795340,53,687324,687377,0,10155169068
3878,0,11,164754353069057,164754353069108,164754353345931,51,276823,276874,0,10155169068
3879,0,11,164754363106086,164754363106138,164754363400110,52,293972,294024,0,10155169068
3880,0,11,164754373071658,164754373071709,164754373355447,51,283738,283789,0,10155169068
3881,0,11,164754383109814,164754383109871,164754383402536,57,292665,292722,0,10155169068
3882,0,11,164754393083543,164754393083594,164754393371042,51,287448,287499,0,10155169068
3883,0,11,164754403106433,164754403106493,164754403388598,60,282105,282165,0,10155169068
3884,0,11,164754413107610,164754413107661,164754413408075,51,300414,300465,0,10155169068
3885,0,11,164754423109003,164754423109061,164754423401665,58,292604,292662,0,10155169068
3886,0,11,164754433107843,164754433107894,164754433407857,51,299963,300014,0,10155169068
3887,0,11,164754443053211,164754443053270,164754443330709,59,277439,277498,0,10155169068
3888,0,11,164754453108080,164754453108132,164754453394266,52,286134,286186,0,10155169068
3889,0,11,164754463107327,164754463107377,164754463396344,50,288967,289017,0,10155169068
3890,0,11,164754473053019,164754473053079,164754473334772,60,281693,281753,0,10155169068
3891,0,11,164754483108615,164754483108675,164754483400598,60,291923,291983,0,10155169068
3892,0,11,164754493109515,164754493109575,164754493400905,60,291330,291390,0,10155169068
3893,0,11,164754503067080,164754503067138,164754503271667,58,204529,204587,0,10155169068
3894,0,11,164754513108494,164754513108545,164754513405410,51,296865,296916,0,10155169068
3895,0,11,164754523055185,164754523055236,164754523387933,51,332697,332748,0,10155169068
3896,0,11,164754533108786,164754533108837,164754533427960,51,319123,319174,0,10155169068
3897,0,11,164754543110642,164754543110693,164754543413211,51,302518,302569,0,10155169068
3898,0,11,164754553078154,164754553078205,164754553408232,51,330027,330078,0,10155169068
3899,0,11,164754563073360,164754563073409,164754563426909,49,353500,353549,0,10155169068
3900,0,11,164754573108638,164754573108689,164754573462205,51,353516,353567,0,10155169068
3901,0,11,164754583042173,164754583042216,164754583395023,43,352807,352850,0,10155169068
3902,0,11,164754593038620,164754593038662,164754593433849,42,395187,395229,0,10155169068
3903,0,11,164754603082769,164754603082820,164754603378345,51,295525,295576,0,10155169068
3904,0,11,164754613075750,164754613075801,164754613471485,51,395684,395735,0,10155169068
3905,0,11,164754623110373,164754623110425,164754623447733,52,337308,337360,0,10155169068
3906,0,11,164754633075902,164754633075961,164754633363213,59,287252,287311,0,10155169068
3907,0,11,164754643108175,164754643108228,164754643400985,53,292757,292810,0,10155169068
3908,0,11,164754653042165,164754653042217,164754653259997,52,217780,217832,0,10155169068
3909,0,11,164754663037950,164754663038003,164754663316349,53,278346,278399,0,10155169068
3910,0,11,164754673109398,164754673109449,164754673397841,51,288392,288443,0,10155169068
3911,0,11,164754683109697,164754683109749,164754683398196,52,288447,288499,0,10155169068
3912,0,11,164754693112901,164754693112952,164754693405505,51,292553,292604,0,10155169068
3913,0,11,164754703110866,164754703110916,164754703452978,50,342062,342112,0,10155169068
3914,0,11,164754713109420,164754713109477,164754713428722,57,319245,319302,0,10155169068
3915,0,11,164754723113818,164754723113875,164754723434350,57,320475,320532,0,10155169068
3916,0,11,164754733108709,164754733108766,164754733428784,57,320018,320075,0,10155169068
3917,0,11,164754743108276,164754743108329,164754743430489,53,322160,322213,0,10155169068
3918,0,11,164754753109070,164754753109121,164754753430393,51,321272,321323,0,10155169068
3919,0,11,164754763108684,164754763108735,164754763425070,51,316335,316386,0,10155169068
3920,0,11,164754773079826,164754773079877,164754773391314,51,311437,311488,0,10155169068
3921,0,11,164754783108296,164754783108353,164754783430350,57,321997,322054,0,10155169068
3922,0,11,164754793045722,164754793045773,164754793357555,51,311782,311833,0,10155169068
3923,0,11,164754803110595,164754803110646,164754803432719,51,322073,322124,0,10155169068
3924,0,11,164754813076436,164754813076487,164754813389498,51,313011,313062,0,10155169068
3925,0,11,164754823109709,164754823109762,164754823431254,53,321492,321545,0,10155169068
3926,0,11,164754833111794,164754833111852,164754833606354,58,494502,494560,0,10155169068
3927,0,11,164754843083136,164754843083187,164754843556377,51,473190,473241,0,10155169068
3928,0,11,164754853110942,164754853110994,164754853601534,52,490540,490592,0,10155169068
3929,0,11,164754863075447,164754863075498,164754863542864,51,467366,467417,0,10155169068
3930,0,11,164754873113114,164754873113166,164754873600272,52,487106,487158,0,10155169068
3931,0,11,164754883050357,164754883050414,164754883575541,57,525127,525184,0,10155169068
3932,0,11,164754893112302,164754893112359,164754893576456,57,464097,464154,0,10155169068
3933,0,11,164754903110527,164754903110579,164754903573949,52,463370,463422,0,10155169068
3934,0,11,164754913111136,164754913111188,164754913572352,52,461164,461216,0,10155169068
3935,0,11,164754923111949,164754923112002,164754923582686,53,470684,470737,0,10155169068
3936,0,11,164754933112669,164754933112726,164754933704334,57,591608,591665,0,10155169068
3937,0,11,164754943113480,164754943113533,164754943537295,53,423762,423815,0,10155169068
3938,0,11,164754953090580,164754953090631,164754953536585,51,445954,446005,0,10155169068
3939,0,11,164754963113399,164754963113449,164754963547657,50,434208,434258,0,10155169068
3940,0,11,164754973114098,164754973114147,164754973542491,49,428344,428393,0,10155169068
3941,0,11,164754983065177,164754983065227,164754983516270,50,451043,451093,0,10155169068
3942,0,11,164754993083458,164754993083509,164754993639386,51,555877,555928,0,10155169068
3943,0,11,164755003056416,164755003056495,164755003713981,79,657486,657565,0,10155169068
3944,0,11,164755013054007,164755013054060,164755013714026,53,659966,660019,0,10155169068
3945,0,11,164755023112080,164755023112137,164755023423820,57,311683,311740,0,10155169068
3946,0,11,164755033112320,164755033112385,164755033419139,65,306754,306819,0,10155169068
3947,0,11,164755043113064,164755043113117,164755043412918,53,299801,299854,0,10155169068
3948,0,11,164755053113807,164755053113866,164755053417434,59,303568,303627,0,10155169068
3949,0,11,164755063109982,164755063110128,164755063663825,146,553697,553843,0,10155169068
3950,0,11,164755073158470,164755073158590,164755073738939,120,580349,580469,0,10155169068
3951,0,11,164755083113046,164755083113097,164755083562387,51,449290,449341,0,10155169068
3952,0,11,164755093111479,164755093111537,164755093411903,58,300366,300424,0,10155169068
3953,0,11,164755103113622,164755103113674,164755103414637,52,300963,301015,0,10155169068
3954,0,11,164755113083788,164755113083840,164755113487909,52,404069,404121,0,10155169068
3955,0,11,164755123116127,164755123116187,164755123673673,60,557486,557546,0,10155169068
3956,0,11,164755133114838,164755133114896,164755133533776,58,418880,418938,0,10155169068
3957,0,11,164755143115657,164755143115708,164755143454131,51,338423,338474,0,10155169068
3958,0,11,164755153113122,164755153113173,164755153445934,51,332761,332812,0,10155169068
3959,0,11,164755163114076,164755163114127,164755163461695,51,347568,347619,0,10155169068
3960,0,11,164755173112137,164755173112190,164755173416070,53,303880,303933,0,10155169068
3961,0,11,164755183112054,164755183112107,164755183412807,53,300700,300753,0,10155169068
3962,0,11,164755193112627,164755193112678,164755193598923,51,486245,486296,0,10155169068
3963,0,11,164755203044336,164755203044387,164755203445318,51,400931,400982,0,10155169068
3964,0,11,164755213112782,164755213112835,164755213676476,53,563641,563694,0,10155169068
3965,0,11,164755223114480,164755223114531,164755223738157,51,623626,623677,0,10155169068
3966,0,11,164755233023269,164755233023320,164755233305925,51,282605,282656,0,10155169068
3967,0,11,164755243076295,164755243076346,164755243276414,51,200068,200119,0,10155169068
3968,0,11,164755253115616,164755253115667,164755253400277,51,284610,284661,0,10155169068
3969,0,11,164755263115640,164755263115700,164755263406409,60,290709,290769,0,10155169068
3970,0,11,164755273115376,164755273115436,164755273416902,60,301466,301526,0,10155169068
3971,0,11,164755283116441,164755283116492,164755283418138,51,301646,301697,0,10155169068
3972,0,11,164755293113705,164755293113756,164755293402238,51,288482,288533,0,10155169068
3973,0,11,164755303115306,164755303115364,164755303662495,58,547131,547189,0,10155169068
3974,0,11,164755313133445,164755313133611,164755313887769,166,754158,754324,0,10155169068
3975,0,11,164755323185287,164755323185457,164755323907431,170,721974,722144,0,10155169068
3976,0,11,164755333107353,164755333107619,164755334090356,266,982737,983003,0,10155169068
3977,0,11,164755343114561,164755343114857,164755344324976,296,1210119,1210415,0,10155169068
3978,0,11,164755353063149,164755353063354,164755354023179,205,959825,960030,0,10155169068
3979,0,11,164755363124602,164755363124918,164755364177442,316,1052524,1052840,0,10155169068
3980,0,11,164755373316354,164755373316649,164755374440093,295,1123444,1123739,0,10155169068
3981,0,11,164755383055952,164755383056040,164755383613028,88,556988,557076,0,10155169068
3982,0,11,164755393051577,164755393051667,164755393482801,90,431134,431224,0,10155169068
3983,0,11,164755403050664,164755403050722,164755403297772,58,247050,247108,0,10155169068
3984,0,11,164755413075135,164755413075186,164755413376538,51,301352,301403,0,10155169068
3985,0,11,164755423115029,164755423115088,164755423530928,59,415840,415899,0,10155169068
3986,0,11,164755433107214,164755433107272,164755433534924,58,427652,427710,0,10155169068
3987,0,11,164755443129675,164755443129755,164755443680030,80,550275,550355,0,10155169068
3988,0,11,164755453125914,164755453125984,164755453741031,70,615047,615117,0,10155169068
3989,0,11,164755463132045,164755463132118,164755463873529,73,741411,741484,0,10155169068
3990,0,11,164755473091489,164755473091567,164755473614343,78,522776,522854,0,10155169068
3991,0,11,164755483131775,164755483131846,164755483800584,71,668738,668809,0,10155169068
3992,0,11,164755493099131,164755493099212,164755493929889,81,830677,830758,0,10155169068
3993,0,11,164755503061376,164755503061429,164755503740985,53,679556,679609,0,10155169068
3994,0,11,164755513093420,164755513093471,164755513772253,51,678782,678833,0,10155169068
3995,0,11,164755523118087,164755523118138,164755523772260,51,654122,654173,0,10155169068
3996,0,11,164755533115726,164755533115784,164755533709585,58,593801,593859,0,10155169068
3997,0,11,164755543122811,164755543122862,164755543718051,51,595189,595240,0,10155169068
3998,0,11,164755553119119,164755553119170,164755553699919,51,580749,580800,0,10155169068
3999,0,11,164755563085126,164755563085179,164755563630473,53,545294,545347,0,10155169068
4000,0,11,164755573081257,164755573081308,164755573510087,51,428779,428830,0,10155169068
4001,0,11,164755583062953,164755583063011,164755583707006,58,643995,644053,0,10155169068
4002,0,11,164755593073153,164755593073204,164755593287165,51,213961,214012,0,10155169068
4003,0,11,164755603117895,164755603117953,164755603410180,58,292227,292285,0,10155169068
4004,0,11,164755613119515,164755613119575,164755613408059,60,288484,288544,0,10155169068
4005,0,11,164755623117536,164755623117587,164755623440068,51,322481,322532,0,10155169068
4006,0,11,164755633116278,164755633116328,164755633443891,50,327563,327613,0,10155169068
4007,0,11,164755643063895,164755643063946,164755643349238,51,285292,285343,0,10155169068
4008,0,11,164755653116386,164755653116439,164755653437631,53,321192,321245,0,10155169068
4009,0,11,164755663116233,164755663116290,164755663401198,57,284908,284965,0,10155169068
4010,0,11,164755673118633,164755673118691,164755673467686,58,348995,349053,0,10155169068
4011,0,11,164755683120183,164755683120234,164755683460022,51,339788,339839,0,10155169068
4012,0,11,164755693119979,164755693120036,164755693457940,57,337904,337961,0,10155169068
4013,0,11,164755703118571,164755703118628,164755703513341,57,394713,394770,0,10155169068
4014,0,11,164755713092190,164755713092241,164755713376130,51,283889,283940,0,10155169068
4015,0,11,164755723118564,164755723118621,164755723559652,57,441031,441088,0,10155169068
4016,0,11,164755733116143,164755733116200,164755733559825,57,443625,443682,0,10155169068
4017,0,11,164755743097029,164755743097080,164755743516551,51,419471,419522,0,10155169068
4018,0,11,164755753116751,164755753116803,164755753551664,52,434861,434913,0,10155169068
4019,0,11,164755763118825,164755763118882,164755763468435,57,349553,349610,0,10155169068
4020,0,11,164755773063160,164755773063212,164755773425997,52,362785,362837,0,10155169068
4021,0,11,164755783039558,164755783039624,164755783328414,66,288790,288856,0,10155169068
4022,0,11,164755793058351,164755793058402,164755793301132,51,242730,242781,0,10155169068
4023,0,11,164755803077077,164755803077119,164755803737837,42,660718,660760,0,10155169068
4024,0,11,164755813050336,164755813050388,164755813744948,52,694560,694612,0,10155169068
4025,0,11,164755823899055,164755823899115,164755824867374,60,968259,968319,0,10155169068
4026,0,11,164755833078631,164755833078693,164755833666085,62,587392,587454,0,10155169068
4027,0,11,164755843069284,164755843069335,164755843481076,51,411741,411792,0,10155169068
4028,0,11,164755853072830,164755853072895,164755853563134,65,490239,490304,0,10155169068
4029,0,11,164755863062401,164755863062452,164755863325331,51,262879,262930,0,10155169068
4030,0,11,164755873086554,164755873086605,164755873657324,51,570719,570770,0,10155169068
4031,0,11,164755883118290,164755883118349,164755883751785,59,633436,633495,0,10155169068
4032,0,11,164755893084843,164755893084894,164755893623538,51,538644,538695,0,10155169068
4033,0,11,164755903118491,164755903118550,164755903741188,59,622638,622697,0,10155169068
4034,0,11,164755913082054,164755913082105,164755913820033,51,737928,737979,0,10155169068
4035,0,11,164755923067611,164755923067662,164755923380869,51,313207,313258,0,10155169068
4036,0,11,164755933062548,164755933062598,164755933347732,50,285134,285184,0,10155169068
4037,0,11,164755943078644,164755943078695,164755943415780,51,337085,337136,0,10155169068
4038,0,11,164755953118033,164755953118086,164755953569177,53,451091,451144,0,10155169068
4039,0,11,164755963157008,164755963157060,164755963573175,52,416115,416167,0,10155169068
4040,0,11,164755973082453,164755973082512,164755973468133,59,385621,385680,0,10155169068
4041,0,11,164755983123014,164755983123065,164755983566607,51,443542,443593,0,10155169068
4042,0,11,164755993080836,164755993080887,164755993365104,51,284217,284268,0,10155169068
4043,0,11,164756003124607,164756003124672,164756003484093,65,359421,359486,0,10155169068
4044,0,11,164756013091029,164756013091082,164756013343888,53,252806,252859,0,10155169068
4045,0,11,164756023069040,164756023069091,164756023410345,51,341254,341305,0,10155169068
4046,0,11,164756033120630,164756033120695,164756033464896,65,344201,344266,0,10155169068
4047,0,11,164756043119352,164756043119402,164756043463312,50,343910,343960,0,10155169068
4048,0,11,164756053121027,164756053121088,164756053467729,61,346641,346702,0,10155169068
4049,0,11,164756063088040,164756063088091,164756063442265,51,354174,354225,0,10155169068
4050,0,11,164756073073536,164756073073587,164756073320516,51,246929,246980,0,10155169068
4051,0,11,164756083120084,164756083120143,164756083458823,59,338680,338739,0,10155169068
4052,0,11,164756093119474,164756093119532,164756093466534,58,347002,347060,0,10155169068
4053,0,11,164756103119329,164756103119380,164756103470139,51,350759,350810,0,10155169068
4054,0,11,164756113119781,164756113119832,164756113475703,51,355871,355922,0,10155169068
4055,0,11,164756123122232,164756123122291,164756123474934,59,352643,352702,0,10155169068
4056,0,11,164756133123945,164756133124003,164756133472689,58,348686,348744,0,10155169068
4057,0,11,164756143122019,164756143122070,164756143573099,51,451029,451080,0,10155169068
4058,0,11,164756153122922,164756153122979,164756153496124,57,373145,373202,0,10155169068
4059,0,11,164756163122778,164756163122829,164756163511590,51,388761,388812,0,10155169068
4060,0,11,164756173120913,164756173120964,164756173479506,51,358542,358593,0,10155169068
4061,0,11,164756183122713,164756183122764,164756183417414,51,294650,294701,0,10155169068
4062,0,11,164756193121644,164756193121695,164756193402012,51,280317,280368,0,10155169068
4063,0,11,164756203122484,164756203122541,164756203498335,57,375794,375851,0,10155169068
4064,0,11,164756213090363,164756213090414,164756213400400,51,309986,310037,0,10155169068
4065,0,11,164756223121142,164756223121193,164756223449671,51,328478,328529,0,10155169068
4066,0,11,164756233121408,164756233121459,164756233478273,51,356814,356865,0,10155169068
4067,0,11,164756243121210,164756243121269,164756243813638,59,692369,692428,0,10155169068
4068,0,11,164756253121756,164756253121807,164756253671328,51,549521,549572,0,10155169068
4069,0,11,164756263121290,164756263121348,164756263581313,58,459965,460023,0,10155169068
4070,0,11,164756273123545,164756273123602,164756273580655,57,457053,457110,0,10155169068
4071,0,11,164756283071626,164756283071677,164756283573908,51,502231,502282,0,10155169068
4072,0,11,164756293122154,164756293122212,164756293624860,58,502648,502706,0,10155169068
4073,0,11,164756303121302,164756303121360,164756303615190,58,493830,493888,0,10155169068
4074,0,11,164756313089847,164756313089898,164756313746393,51,656495,656546,0,10155169068
4075,0,11,164756323077295,164756323077346,164756323493219,51,415873,415924,0,10155169068
4076,0,11,164756333123755,164756333123805,164756333561639,50,437834,437884,0,10155169068
4077,0,11,164756343123868,164756343123927,164756343486428,59,362501,362560,0,10155169068
4078,0,11,164756353123000,164756353123050,164756353522123,50,399073,399123,0,10155169068
4079,0,11,164756363057510,164756363057561,164756363464473,51,406912,406963,0,10155169068
4080,0,11,164756373124151,164756373124208,164756373521109,57,396901,396958,0,10155169068
4081,0,11,164756383123319,164756383123370,164756383513454,51,390084,390135,0,10155169068
4082,0,11,164756393124556,164756393124606,164756393478767,50,354161,354211,0,10155169068
4083,0,11,164756403032372,164756403032444,164756403375623,72,343179,343251,0,10155169068
4084,0,11,164756413058972,164756413059054,164756413420542,82,361488,361570,0,10155169068
4085,0,11,164756423071435,164756423071502,164756423467308,67,395806,395873,0,10155169068
4086,0,11,164756433057406,164756433057473,164756433306168,67,248695,248762,0,10155169068
4087,0,11,164756443123528,164756443123586,164756443793766,58,670180,670238,0,10155169068
4088,0,11,164756453073851,164756453073900,164756453324527,49,250627,250676,0,10155169068
4089,0,11,164756463123804,164756463123855,164756463444204,51,320349,320400,0,10155169068
4090,0,11,164756473099793,164756473099852,164756473368337,59,268485,268544,0,10155169068
4091,0,11,164756483123694,164756483123745,164756483438622,51,314877,314928,0,10155169068
4092,0,11,164756493124813,164756493124866,164756493440581,53,315715,315768,0,10155169068
4093,0,11,164756503088558,164756503088609,164756503369221,51,280612,280663,0,10155169068
4094,0,11,164756513121052,164756513121103,164756513447214,51,326111,326162,0,10155169068
4095,0,11,164756523078185,164756523078236,164756523286175,51,207939,207990,0,10155169068
4096,0,11,164756533076884,164756533076935,164756533299307,51,222372,222423,0,10155169068
4097,0,11,164756543124303,164756543124354,164756543413646,51,289292,289343,0,10155169068
4098,0,11,164756553123854,164756553123904,164756553458137,50,334233,334283,0,10155169068
4099,0,11,164756563099177,164756563099244,164756563479542,67,380298,380365,0,10155169068
4100,0,11,164756573137694,164756573137765,164756573490564,71,352799,352870,0,10155169068
4101,0,11,164756583137665,164756583137732,164756583602121,67,464389,464456,0,10155169068
4102,0,11,164756593139361,164756593139433,164756593511970,72,372537,372609,0,10155169068
4103,0,11,164756603089259,164756603089332,164756604027323,73,937991,938064,0,10155169068
4104,0,11,164756613056990,164756613057049,164756613403647,59,346598,346657,0,10155169068
4105,0,11,164756623070365,164756623070416,164756623397526,51,327110,327161,0,10155169068
4106,0,11,164756633124851,164756633124903,164756633487844,52,362941,362993,0,10155169068
4107,0,11,164756643125145,164756643125196,164756643489169,51,363973,364024,0,10155169068
4108,0,11,164756653122936,164756653122994,164756653550304,58,427310,427368,0,10155169068
4109,0,11,164756663125369,164756663125426,164756663483704,57,358278,358335,0,10155169068
4110,0,11,164756673125659,164756673125710,164756673492733,51,367023,367074,0,10155169068
4111,0,11,164756683126713,164756683126772,164756683490261,59,363489,363548,0,10155169068
4112,0,11,164756693095583,164756693095633,164756693447680,50,352047,352097,0,10155169068
4113,0,11,164756703128486,164756703128543,164756703495756,57,367213,367270,0,10155169068
4114,0,11,164756713124096,164756713124153,164756713480378,57,356225,356282,0,10155169068
4115,0,11,164756723124362,164756723124414,164756723477861,52,353447,353499,0,10155169068
4116,0,11,164756733064174,164756733064227,164756733417512,53,353285,353338,0,10155169068
4117,0,11,164756743126511,164756743126561,164756743486841,50,360280,360330,0,10155169068
4118,0,11,164756753165593,164756753165644,164756753527227,51,361583,361634,0,10155169068
4119,0,11,164756763066195,164756763066246,164756763307766,51,241520,241571,0,10155169068
4120,0,11,164756773123610,164756773123661,164756773417118,51,293457,293508,0,10155169068
4121,0,11,164756783127172,164756783127223,164756783483159,51,355936,355987,0,10155169068
4122,0,11,164756793061094,164756793061147,164756793305461,53,244314,244367,0,10155169068
4123,0,11,164756803128321,164756803128371,164756803689998,50,561627,561677,0,10155169068
4124,0,11,164756813125109,164756813125160,164756813583413,51,458253,458304,0,10155169068
4125,0,11,164756823082894,164756823082945,164756823412540,51,329595,329646,0,10155169068
4126,0,11,164756833126429,164756833126486,164756833615234,57,488748,488805,0,10155169068
4127,0,11,164756843099928,164756843099979,164756843501667,51,401688,401739,0,10155169068
4128,0,11,164756853130021,164756853130072,164756853619452,51,489380,489431,0,10155169068
4129,0,11,164756863101043,164756863101094,164756863501992,51,400898,400949,0,10155169068
4130,0,11,164756873127563,164756873127614,164756873447304,51,319690,319741,0,10155169068
4131,0,11,164756883128040,164756883128091,164756883556974,51,428883,428934,0,10155169068
4132,0,11,164756893125548,164756893125599,164756893420875,51,295276,295327,0,10155169068
4133,0,11,164756903125179,164756903125230,164756903560421,51,435191,435242,0,10155169068
4134,0,11,164756913094845,164756913094896,164756913533292,51,438396,438447,0,10155169068
4135,0,11,164756923061723,164756923061777,164756923564884,54,503107,503161,0,10155169068
4136,0,11,164756933068212,164756933068275,164756933822308,63,754033,754096,0,10155169068
4137,0,11,164756943071230,164756943071271,164756943482765,41,411494,411535,0,10155169068
4138,0,11,164756953060683,164756953060734,164756953433803,51,373069,373120,0,10155169068
4139,0,11,164756963127761,164756963127818,164756963629847,57,502029,502086,0,10155169068
4140,0,11,164756973127678,164756973127729,164756973548606,51,420877,420928,0,10155169068
4141,0,11,164756983082964,164756983083015,164756983375327,51,292312,292363,0,10155169068
4142,0,11,164756993075440,164756993075491,164756993415175,51,339684,339735,0,10155169068
4143,0,11,164757003060690,164757003060764,164757003520256,74,459492,459566,0,10155169068
4144,0,11,164757013054310,164757013054361,164757013469712,51,415351,415402,0,10155169068
4145,0,11,164757023128917,164757023128968,164757023568964,51,439996,440047,0,10155169068
4146,0,11,164757033130030,164757033130095,164757033588224,65,458129,458194,0,10155169068
4147,0,11,164757043127276,164757043127334,164757043593907,58,466573,466631,0,10155169068
4148,0,11,164757053127983,164757053128034,164757053579262,51,451228,451279,0,10155169068
4149,0,11,164757063126020,164757063126071,164757063642151,51,516080,516131,0,10155169068
4150,0,11,164757073148897,164757073148973,164757073633258,76,484285,484361,0,10155169068
4151,0,11,164757083129524,164757083129581,164757083476881,57,347300,347357,0,10155169068
4152,0,11,164757093073346,164757093073398,164757093465450,52,392052,392104,0,10155169068
4153,0,11,164757103131070,164757103131121,164757103542025,51,410904,410955,0,10155169068
4154,0,11,164757113128747,164757113128806,164757113534742,59,405936,405995,0,10155169068
4155,0,11,164757123126806,164757123126858,164757123538705,52,411847,411899,0,10155169068
4156,0,11,164757133128648,164757133128699,164757133545640,51,416941,416992,0,10155169068
4157,0,11,164757143129878,164757143129929,164757143552681,51,422752,422803,0,10155169068
4158,0,11,164757153127809,164757153127859,164757153542349,50,414490,414540,0,10155169068
4159,0,11,164757163127638,164757163127689,164757163548307,51,420618,420669,0,10155169068
4160,0,11,164757173075377,164757173075429,164757173479210,52,403781,403833,0,10155169068
4161,0,11,164757183074436,164757183074488,164757183475562,52,401074,401126,0,10155169068
4162,0,11,164757193129213,164757193129272,164757193682503,59,553231,553290,0,10155169068
4163,0,11,164757203127344,164757203127395,164757203557593,51,430198,430249,0,10155169068
4164,0,11,164757213127361,164757213127411,164757213801417,50,674006,674056,0,10155169068
4165,0,11,164757223131445,164757223131496,164757223629595,51,498099,498150,0,10155169068
4166,0,11,164757233127602,164757233127655,164757233617547,53,489892,489945,0,10155169068
4167,0,11,164757243127967,164757243128018,164757243607078,51,479060,479111,0,10155169068
4168,0,11,164757253128631,164757253128692,164757253623700,61,495008,495069,0,10155169068
4169,0,11,164757263130270,164757263130321,164757263489648,51,359327,359378,0,10155169068
4170,0,11,164757273130214,164757273130271,164757273485815,57,355544,355601,0,10155169068
4171,0,11,164757283135355,164757283135414,164757283499920,59,364506,364565,0,10155169068
4172,0,11,164757293102502,164757293102553,164757293399926,51,297373,297424,0,10155169068
4173,0,11,164757303130929,164757303130980,164757303460417,51,329437,329488,0,10155169068
4174,0,11,164757313088863,164757313088926,164757313514702,63,425776,425839,0,10155169068
4175,0,11,164757323132270,164757323132322,164757323566387,52,434065,434117,0,10155169068
4176,0,11,164757333114383,164757333114434,164757333607193,51,492759,492810,0,10155169068
4177,0,11,164757343087282,164757343087333,164757343583327,51,495994,496045,0,10155169068
4178,0,11,164757353128020,164757353128071,164757353599326,51,471255,471306,0,10155169068
4179,0,11,164757363130308,164757363130359,164757363553546,51,423187,423238,0,10155169068
4180,0,11,164757373089094,164757373089146,164757373554658,52,465512,465564,0,10155169068
4181,0,11,164757383129175,164757383129235,164757383607593,60,478358,478418,0,10155169068
4182,0,11,164757393128328,164757393128386,164757394629218,58,1500832,1500890,0,10155169068
4183,0,11,164757403191818,164757403191983,164757404997904,165,1805921,1806086,0,10155169068
4184,0,11,164757413197658,164757413197824,164757414983151,166,1785327,1785493,0,10155169068
4185,0,11,164757423126379,164757423126720,164757424724969,341,1598249,1598590,0,10155169068
4186,0,11,164757433069179,164757433069241,164757433651294,62,582053,582115,0,10155169068
4187,0,11,164757443080027,164757443080106,164757443536659,79,456553,456632,0,10155169068
4188,0,11,164757453070362,164757453070439,164757453743388,77,672949,673026,0,10155169068
4189,0,11,164757463295598,164757463295667,164757464664615,69,1368948,1369017,0,10155169068
4190,0,11,164757473090556,164757473090618,164757473815225,62,724607,724669,0,10155169068
4191,0,11,164757483129195,164757483129247,164757483624472,52,495225,495277,0,10155169068
4192,0,11,164757493105475,164757493105532,164757493396531,57,290999,291056,0,10155169068
4193,0,11,164757503127877,164757503127929,164757503418440,52,290511,290563,0,10155169068
4194,0,11,164757513132213,164757513132271,164757513420789,58,288518,288576,0,10155169068
4195,0,11,164757523130644,164757523130695,164757523420848,51,290153,290204,0,10155169068
4196,0,11,164757533107475,164757533107532,164757533382959,57,275427,275484,0,10155169068
4197,0,11,164757543093621,164757543093674,164757543383379,53,289705,289758,0,10155169068
4198,0,11,164757553130939,164757553130990,164757553427417,51,296427,296478,0,10155169068
4199,0,11,164757563096041,164757563096092,164757563381512,51,285420,285471,0,10155169068
4200,0,11,164757573131384,164757573131443,164757573482694,59,351251,351310,0,10155169068
4201,0,11,164757583096244,164757583096296,164757583435219,52,338923,338975,0,10155169068
4202,0,11,164757593074726,164757593074777,164757593306240,51,231463,231514,0,10155169068
4203,0,11,164757603101705,164757603101758,164757603387049,53,285291,285344,0,10155169068
4204,0,11,164757613113628,164757613113686,164757613403085,58,289399,289457,0,10155169068
4205,0,11,164757623131115,164757623131166,164757623428697,51,297531,297582,0,10155169068
4206,0,11,164757633132428,164757633132478,164757633429536,50,297058,297108,0,10155169068
4207,0,11,164757643078704,164757643078769,164757643354846,65,276077,276142,0,10155169068
4208,0,11,164757653140686,164757653140743,164757653434758,57,294015,294072,0,10155169068
4209,0,11,164757663131824,164757663131875,164757663424311,51,292436,292487,0,10155169068
4210,0,11,164757673132968,164757673133020,164757673431513,52,298493,298545,0,10155169068
4211,0,11,164757683129787,164757683129838,164757683425778,51,295940,295991,0,10155169068
4212,0,11,164757693101978,164757693102029,164757693383631,51,281602,281653,0,10155169068
4213,0,11,164757703133235,164757703133287,164757703432092,52,298805,298857,0,10155169068
4214,0,11,164757713087555,164757713087607,164757713355698,52,268091,268143,0,10155169068
4215,0,11,164757723133174,164757723133224,164757723427482,50,294258,294308,0,10155169068
4216,0,11,164757733097361,164757733097412,164757733381184,51,283772,283823,0,10155169068
4217,0,11,164757743133696,164757743133747,164757743528645,51,394898,394949,0,10155169068
4218,0,11,164757753132370,164757753132421,164757753602750,51,470329,470380,0,10155169068
4219,0,11,164757763132461,164757763132514,164757763639497,53,506983,507036,0,10155169068
4220,0,11,164757773134147,164757773134199,164757773596805,52,462606,462658,0,10155169068
4221,0,11,164757783134319,164757783134370,164757783427724,51,293354,293405,0,10155169068
4222,0,11,164757793133103,164757793133156,164757793468590,53,335434,335487,0,10155169068
4223,0,11,164757803101326,164757803101377,164757803432135,51,330758,330809,0,10155169068
4224,0,11,164757813097735,164757813097786,164757814118073,51,1020287,1020338,0,10155169068
4225,0,11,164757823064492,164757823064544,164757823423128,52,358584,358636,0,10155169068
4226,0,11,164757833080077,164757833080128,164757833383798,51,303670,303721,0,10155169068
4227,0,11,164757843132449,164757843132500,164757843534438,51,401938,401989,0,10155169068
4228,0,11,164757853132516,164757853132569,164757853527031,53,394462,394515,0,10155169068
4229,0,11,164757863135170,164757863135221,164757863520328,51,385107,385158,0,10155169068
4230,0,11,164757873133050,164757873133109,164757873513909,59,380800,380859,0,10155169068
4231,0,11,164757883134700,164757883134757,164757883525526,57,390769,390826,0,10155169068
4232,0,11,164757893136538,164757893136589,164757893539496,51,402907,402958,0,10155169068
4233,0,11,164757903132072,164757903132131,164757903539669,59,407538,407597,0,10155169068
4234,0,11,164757913133647,164757913133698,164757913624983,51,491285,491336,0,10155169068
4235,0,11,164757923132404,164757923132457,164757923624542,53,492085,492138,0,10155169068
4236,0,11,164757933133736,164757933133787,164757933698299,51,564512,564563,0,10155169068
4237,0,11,164757943154159,164757943154217,164757943684957,58,530740,530798,0,10155169068
4238,0,11,164757953101268,164757953101320,164757953546713,52,445393,445445,0,10155169068
4239,0,11,164757963079362,164757963079403,164757963705839,41,626436,626477,0,10155169068
4240,0,11,164757973101192,164757973101244,164757973764745,52,663501,663553,0,10155169068
4241,0,11,164757983134198,164757983134255,164757983742086,57,607831,607888,0,10155169068
4242,0,11,164757993093021,164757993093072,164757993602311,51,509239,509290,0,10155169068
4243,0,11,164758003085098,164758003085152,164758003361013,54,275861,275915,0,10155169068
4244,0,11,164758013092954,164758013093007,164758013344427,53,251420,251473,0,10155169068
4245,0,11,164758023135697,164758023135748,164758023438964,51,303216,303267,0,10155169068
4246,0,11,164758033135090,164758033135161,164758033466611,71,331450,331521,0,10155169068
4247,0,11,164758043103430,164758043103481,164758043933117,51,829636,829687,0,10155169068
4248,0,11,164758053133994,164758053134051,164758053441980,57,307929,307986,0,10155169068
4249,0,11,164758063160981,164758063161039,164758063630728,58,469689,469747,0,10155169068
4250,0,11,164758073134528,164758073134586,164758073534280,58,399694,399752,0,10155169068
4251,0,11,164758083101091,164758083101142,164758083500915,51,399773,399824,0,10155169068
4252,0,11,164758093134271,164758093134324,164758093411876,53,277552,277605,0,10155169068
4253,0,11,164758103134451,164758103134510,164758103535106,59,400596,400655,0,10155169068
4254,0,11,164758113135518,164758113135569,164758113427018,51,291449,291500,0,10155169068
4255,0,11,164758123138188,164758123138247,164758123537370,59,399123,399182,0,10155169068
4256,0,11,164758133071712,164758133071763,164758133472416,51,400653,400704,0,10155169068
4257,0,11,164758143135897,164758143135950,164758143454130,53,318180,318233,0,10155169068
4258,0,11,164758153138221,164758153138281,164758153425451,60,287170,287230,0,10155169068
4259,0,11,164758163102879,164758163102930,164758163463603,51,360673,360724,0,10155169068
4260,0,11,164758173132832,164758173132891,164758174347693,59,1214802,1214861,0,10155169068
4261,0,11,164758183189079,164758183189310,164758184880474,231,1691164,1691395,0,10155169068
4262,0,11,164758193204722,164758193204887,164758194300010,165,1095123,1095288,0,10155169068
4263,0,11,164758203246014,164758203246220,164758204428465,206,1182245,1182451,0,10155169068
4264,0,11,164758213204605,164758213204770,164758214329376,165,1124606,1124771,0,10155169068
4265,0,11,164758223204817,164758223204987,164758224560033,170,1355046,1355216,0,10155169068
4266,0,11,164758233130576,164758233130762,164758235134736,186,2003974,2004160,0,10155169068
4267,0,11,164758243200645,164758243200830,164758244288241,185,1087411,1087596,0,10155169068
4268,0,11,164758253198266,164758253198452,164758254205661,186,1007209,1007395,0,10155169068
4269,0,11,164758263116925,164758263116977,164758263386999,52,270022,270074,0,10155169068
4270,0,11,164758273136161,164758273136220,164758273417967,59,281747,281806,0,10155169068
4271,0,11,164758283138215,164758283138274,164758283425458,59,287184,287243,0,10155169068
4272,0,11,164758293082326,164758293082389,164758293364033,63,281644,281707,0,10155169068
4273,0,11,164758303206844,164758303207014,164758304264515,170,1057501,1057671,0,10155169068
4274,0,11,164758313155256,164758313155421,164758314192420,165,1036999,1037164,0,10155169068
4275,0,11,164758323171670,164758323171836,164758324410873,166,1239037,1239203,0,10155169068
4276,0,11,164758333170645,164758333170810,164758334404845,165,1234035,1234200,0,10155169068
4277,0,11,164758343136682,164758343136733,164758343726322,51,589589,589640,0,10155169068
4278,0,11,164758353135213,164758353135270,164758353595101,57,459831,459888,0,10155169068
4279,0,11,164758363104412,164758363104469,164758363498555,57,394086,394143,0,10155169068
4280,0,11,164758373152925,164758373153111,164758374241724,186,1088613,1088799,0,10155169068
4281,0,11,164758383074257,164758383074309,164758385117335,52,2043026,2043078,0,10155169068
4282,0,11,164758393098763,164758393098814,164758393414925,51,316111,316162,0,10155169068
4283,0,11,164758403136195,164758403136248,164758403457471,53,321223,321276,0,10155169068
4284,0,11,164758413103555,164758413103605,164758413427401,50,323796,323846,0,10155169068
4285,0,11,164758423138869,164758423138920,164758423538419,51,399499,399550,0,10155169068
4286,0,11,164758433134131,164758433134182,164758433423005,51,288823,288874,0,10155169068
4287,0,11,164758443138640,164758443138698,164758443545095,58,406397,406455,0,10155169068
4288,0,11,164758453136773,164758453136826,164758453599333,53,462507,462560,0,10155169068
4289,0,11,164758463039931,164758463039991,164758463456034,60,416043,416103,0,10155169068
4290,0,11,164758473070189,164758473070252,164758473581477,63,511225,511288,0,10155169068
4291,0,11,164758483034514,164758483034588,164758483428528,74,393940,394014,0,10155169068
4292,0,11,164758493074660,164758493074730,164758493444494,70,369764,369834,0,10155169068
4293,0,11,164758503102678,164758503102729,164758503421309,51,318580,318631,0,10155169068
4294,0,11,164758513101930,164758513101980,164758513413468,50,311488,311538,0,10155169068
4295,0,11,164758523089491,164758523089548,164758523402003,57,312455,312512,0,10155169068
4296,0,11,164758533109319,164758533109369,164758533426423,50,317054,317104,0,10155169068
4297,0,11,164758543079636,164758543079701,164758543375236,65,295535,295600,0,10155169068
4298,0,11,164758553141289,164758553141340,164758553464094,51,322754,322805,0,10155169068
4299,0,11,164758563104901,164758563104950,164758563421015,49,316065,316114,0,10155169068
4300,0,11,164758573106753,164758573106805,164758573483291,52,376486,376538,0,10155169068
4301,0,11,164758583147418,164758583147468,164758583469669,50,322201,322251,0,10155169068
4302,0,11,164758593150906,164758593150957,164758593478080,51,327123,327174,0,10155169068
4303,0,11,164758603142030,164758603142087,164758603460049,57,317962,318019,0,10155169068
4304,0,11,164758613190496,164758613190569,164758613506162,73,315593,315666,0,10155169068
4305,0,11,164758623074705,164758623074757,164758623470830,52,396073,396125,0,10155169068
4306,0,11,164758633047431,164758633047475,164758634005764,44,958289,958333,0,10155169068
4307,0,11,164758643149027,164758643149077,164758643640435,50,491358,491408,0,10155169068
4308,0,11,164758653137615,164758653137666,164758653595785,51,458119,458170,0,10155169068
4309,0,11,164758663105504,164758663105556,164758663563693,52,458137,458189,0,10155169068
4310,0,11,164758673141803,164758673141853,164758673536901,50,395048,395098,0,10155169068
4311,0,11,164758683137750,164758683137809,164758683525111,59,387302,387361,0,10155169068
4312,0,11,164758693141050,164758693141100,164758693575830,50,434730,434780,0,10155169068
4313,0,11,164758703141260,164758703141317,164758703566615,57,425298,425355,0,10155169068
4314,0,11,164758713138836,164758713138887,164758713594680,51,455793,455844,0,10155169068
4315,0,11,164758723140450,164758723140501,164758723714738,51,574237,574288,0,10155169068
4316,0,11,164758733141332,164758733141383,164758733634145,51,492762,492813,0,10155169068
4317,0,11,164758743100186,164758743100238,164758743516260,52,416022,416074,0,10155169068
4318,0,11,164758753110152,164758753110210,164758753545244,58,435034,435092,0,10155169068
4319,0,11,164758763088373,164758763088426,164758763704107,53,615681,615734,0,10155169068
4320,0,11,164758773140864,164758773140921,164758773760142,57,619221,619278,0,10155169068
4321,0,11,164758783141337,164758783141388,164758783716536,51,575148,575199,0,10155169068
4322,0,11,164758793138265,164758793138316,164758793700681,51,562365,562416,0,10155169068
4323,0,11,164758803139780,164758803139833,164758803665361,53,525528,525581,0,10155169068
4324,0,11,164758813150819,164758813150985,164758814465361,166,1314376,1314542,0,10155169068
4325,0,11,164758823203373,164758823203538,164758824557862,165,1354324,1354489,0,10155169068
4326,0,11,164758833209508,164758833209674,164758834500711,166,1291037,1291203,0,10155169068
4327,0,11,164758843203015,164758843203181,164758844992533,166,1789352,1789518,0,10155169068
4328,0,11,164758853202741,164758853202912,164758854763909,171,1560997,1561168,0,10155169068
4329,0,11,164758863139428,164758863139485,164758863851074,57,711589,711646,0,10155169068
4330,0,11,164758873140756,164758873140806,164758873819497,50,678691,678741,0,10155169068
4331,0,11,164758883105811,164758883105864,164758883453064,53,347200,347253,0,10155169068
4332,0,11,164758893140898,164758893140949,164758893478743,51,337794,337845,0,10155169068
4333,0,11,164758903138215,164758903138267,164758903483482,52,345215,345267,0,10155169068
4334,0,11,164758913141833,164758913141884,164758913493209,51,351325,351376,0,10155169068
4335,0,11,164758923140577,164758923140629,164758923490318,52,349689,349741,0,10155169068
4336,0,11,164758933141525,164758933141576,164758933662249,51,520673,520724,0,10155169068
4337,0,11,164758943212027,164758943212197,164758944113596,170,901399,901569,0,10155169068
4338,0,11,164758953127728,164758953127898,164758954079093,170,951195,951365,0,10155169068
4339,0,11,164758963205374,164758963205545,164758964254210,171,1048665,1048836,0,10155169068
4340,0,11,164758973127516,164758973127681,164758974164714,165,1037033,1037198,0,10155169068
4341,0,11,164758983141607,164758983141658,164758984130471,51,988813,988864,0,10155169068
4342,0,11,164758993146983,164758993147034,164758993602535,51,455501,455552,0,10155169068
4343,0,11,164759003159850,164759003160206,164759004562531,356,1402325,1402681,0,10155169068
4344,0,11,164759013473419,164759013473709,164759014981464,290,1507755,1508045,0,10155169068
4345,0,11,164759023105989,164759023106194,164759023731163,205,624969,625174,0,10155169068
4346,0,11,164759033205807,164759033206037,164759034586171,230,1380134,1380364,0,10155169068
4347,0,11,164759043213676,164759043213862,164759044627127,186,1413265,1413451,0,10155169068
4348,0,11,164759053141511,164759053141671,164759054692816,160,1551145,1551305,0,10155169068
4349,0,11,164759063161037,164759063161203,164759064829464,166,1668261,1668427,0,10155169068
4350,0,11,164759073185806,164759073185972,164759074794114,166,1608142,1608308,0,10155169068
4351,0,11,164759083144672,164759083144729,164759083430479,57,285750,285807,0,10155169068
4352,0,11,164759093110734,164759093110785,164759093388901,51,278116,278167,0,10155169068
4353,0,11,164759103142113,164759103142170,164759103873857,57,731687,731744,0,10155169068
4354,0,11,164759113143315,164759113143366,164759113435836,51,292470,292521,0,10155169068
4355,0,11,164759123141238,164759123141295,164759123470036,57,328741,328798,0,10155169068
4356,0,11,164759133143586,164759133143643,164759133582668,57,439025,439082,0,10155169068
4357,0,11,164759143087738,164759143087789,164759143587605,51,499816,499867,0,10155169068
4358,0,11,164759153141624,164759153141675,164759153704425,51,562750,562801,0,10155169068
4359,0,11,164759163141796,164759163141854,164759163432901,58,291047,291105,0,10155169068
4360,0,11,164759173111891,164759173111948,164759173536521,57,424573,424630,0,10155169068
4361,0,11,164759183143082,164759183143133,164759183747635,51,604502,604553,0,10155169068
4362,0,11,164759193145046,164759193145105,164759193444071,59,298966,299025,0,10155169068
4363,0,11,164759203144179,164759203144238,164759203473019,59,328781,328840,0,10155169068
4364,0,11,164759213142410,164759213142461,164759213485685,51,343224,343275,0,10155169068
4365,0,11,164759223142326,164759223142379,164759223450550,53,308171,308224,0,10155169068
4366,0,11,164759233142751,164759233142804,164759233442135,53,299331,299384,0,10155169068
4367,0,11,164759243107966,164759243108017,164759243615613,51,507596,507647,0,10155169068
4368,0,11,164759253206954,164759253207209,164759254949813,255,1742604,1742859,0,10155169068
4369,0,11,164759263209110,164759263209281,164759264693611,171,1484330,1484501,0,10155169068
4370,0,11,164759273216660,164759273216845,164759274596317,185,1379472,1379657,0,10155169068
4371,0,11,164759283214215,164759283214386,164759284244396,171,1030010,1030181,0,10155169068
4372,0,11,164759293102468,164759293102519,164759293723925,51,621406,621457,0,10155169068
4373,0,11,164759303144686,164759303144744,164759303490321,58,345577,345635,0,10155169068
4374,0,11,164759313108514,164759313108576,164759313560839,62,452263,452325,0,10155169068
4375,0,11,164759323109611,164759323109662,164759323680842,51,571180,571231,0,10155169068
4376,0,11,164759333145554,164759333145604,164759333589457,50,443853,443903,0,10155169068
4377,0,11,164759343142930,164759343142982,164759343568986,52,426004,426056,0,10155169068
4378,0,11,164759353107418,164759353107469,164759353608403,51,500934,500985,0,10155169068
4379,0,11,164759363144523,164759363144582,164759363648373,59,503791,503850,0,10155169068
4380,0,11,164759373144467,164759373144520,164759373726145,53,581625,581678,0,10155169068
4381,0,11,164759383146280,164759383146331,164759383620424,51,474093,474144,0,10155169068
4382,0,11,164759393145178,164759393145229,164759393719055,51,573826,573877,0,10155169068
4383,0,11,164759403143522,164759403143575,164759403752502,53,608927,608980,0,10155169068
4384,0,11,164759413095351,164759413095401,164759413786634,50,691233,691283,0,10155169068
4385,0,11,164759423086869,164759423086920,164759423708942,51,622022,622073,0,10155169068
4386,0,11,164759433147147,164759433147200,164759433697931,53,550731,550784,0,10155169068
4387,0,11,164759443149116,164759443149167,164759443798452,51,649285,649336,0,10155169068
4388,0,11,164759453110454,164759453110504,164759453464218,50,353714,353764,0,10155169068
4389,0,11,164759463102405,164759463102472,164759463397769,67,295297,295364,0,10155169068
4390,0,11,164759473147240,164759473147291,164759473517488,51,370197,370248,0,10155169068
4391,0,11,164759483076561,164759483076615,164759483436978,54,360363,360417,0,10155169068
4392,0,11,164759493085586,164759493085649,164759493600811,63,515162,515225,0,10155169068
4393,0,11,164759503042279,164759503042345,164759503444703,66,402358,402424,0,10155169068
4394,0,11,164759513107913,164759513107978,164759513474775,65,366797,366862,0,10155169068
4395,0,11,164759523147576,164759523147627,164759523485580,51,337953,338004,0,10155169068
4396,0,11,164759533110557,164759533110619,164759533451118,62,340499,340561,0,10155169068
4397,0,11,164759543146330,164759543146388,164759543482863,58,336475,336533,0,10155169068
4398,0,11,164759553096392,164759553096470,164759553466127,78,369657,369735,0,10155169068
4399,0,11,164759563121990,164759563122056,164759563514722,66,392666,392732,0,10155169068
4400,0,11,164759573158611,164759573158677,164759573610825,66,452148,452214,0,10155169068
4401,0,11,164759583131134,164759583131200,164759583546014,66,414814,414880,0,10155169068
4402,0,11,164759593147097,164759593147148,164759593520441,51,373293,373344,0,10155169068
4403,0,11,164759603112643,164759603112694,164759603475465,51,362771,362822,0,10155169068
4404,0,11,164759613148707,164759613148764,164759613485886,57,337122,337179,0,10155169068
4405,0,11,164759623145520,164759623145579,164759623483942,59,338363,338422,0,10155169068
4406,0,11,164759633150534,164759633150586,164759633529658,52,379072,379124,0,10155169068
4407,0,11,164759643147635,164759643147686,164759643560247,51,412561,412612,0,10155169068
4408,0,11,164759653124706,164759653124757,164759653517435,51,392678,392729,0,10155169068
4409,0,11,164759663149028,164759663149087,164759663610936,59,461849,461908,0,10155169068
4410,0,11,164759673115896,164759673115946,164759673535766,50,419820,419870,0,10155169068
4411,0,11,164759683146830,164759683146887,164759683763420,57,616533,616590,0,10155169068
4412,0,11,164759693145978,164759693146035,164759693619482,57,473447,473504,0,10155169068
4413,0,11,164759703119675,164759703119726,164759703487747,51,368021,368072,0,10155169068
4414,0,11,164759713092702,164759713092753,164759713450326,51,357573,357624,0,10155169068
4415,0,11,164759723124446,164759723124497,164759723585148,51,460651,460702,0,10155169068
4416,0,11,164759733148725,164759733148774,164759733597421,49,448647,448696,0,10155169068
4417,0,11,164759743093301,164759743093353,164759743570839,52,477486,477538,0,10155169068
4418,0,11,164759753082746,164759753082797,164759753534163,51,451366,451417,0,10155169068
4419,0,11,164759763149324,164759763149375,164759763744813,51,595438,595489,0,10155169068
4420,0,11,164759773149194,164759773149252,164759773631358,58,482106,482164,0,10155169068
4421,0,11,164759783147554,164759783147611,164759783735734,57,588123,588180,0,10155169068
4422,0,11,164759793107908,164759793107959,164759793662793,51,554834,554885,0,10155169068
4423,0,11,164759803148710,164759803148761,164759803732365,51,583604,583655,0,10155169068
4424,0,11,164759813113355,164759813113406,164759814662275,51,1548869,1548920,0,10155169068
4425,0,11,164759823166896,164759823167061,164759824785247,165,1618186,1618351,0,10155169068
4426,0,11,164759833220151,164759833220321,164759834810336,170,1590015,1590185,0,10155169068
4427,0,11,164759843212104,164759843212269,164759845025537,165,1813268,1813433,0,10155169068
4428,0,11,164759853210226,164759853210391,164759854643162,165,1432771,1432936,0,10155169068
4429,0,11,164759863181746,164759863181912,164759864615870,166,1433958,1434124,0,10155169068
4430,0,11,164759873221044,164759873221235,164759874420735,191,1199500,1199691,0,10155169068
4431,0,11,164759883211494,164759883211684,164759884975462,190,1763778,1763968,0,10155169068
4432,0,11,164759893168731,164759893168896,164759895115423,165,1946527,1946692,0,10155169068
4433,0,11,164759903149141,164759903149192,164759903619224,51,470032,470083,0,10155169068
4434,0,11,164759913107891,164759913107942,164759914627064,51,1519122,1519173,0,10155169068
4435,0,11,164759923210362,164759923210548,164759925119101,186,1908553,1908739,0,10155169068
4436,0,11,164759933219415,164759933219580,164759935142121,165,1922541,1922706,0,10155169068
4437,0,11,164759943218730,164759943218915,164759945231545,185,2012630,2012815,0,10155169068
4438,0,11,164759953248520,164759953248756,164759955173196,236,1924440,1924676,0,10155169068
4439,0,11,164759963137319,164759963137485,164759963944926,166,807441,807607,0,10155169068
4440,0,11,164759973105708,164759973105771,164759973445619,63,339848,339911,0,10155169068
4441,0,11,164759983178080,164759983178141,164759983542921,61,364780,364841,0,10155169068
4442,0,11,164759996074592,164759996074644,164759996408088,52,333444,333496,0,10155169068
4443,0,11,164760004054196,164760004054272,164760007408191,76,3353919,3353995,0,10155169068
4444,0,11,164760013098191,164760013098277,164760013607049,86,508772,508858,0,10155169068
4445,0,11,164760023101949,164760023102007,164760023720741,58,618734,618792,0,10155169068
4446,0,11,164760033104991,164760033105061,164760033755060,70,649999,650069,0,10155169068
4447,0,11,164760043101541,164760043101603,164760043712976,62,611373,611435,0,10155169068
4448,0,11,164760053095285,164760053095335,164760053522454,50,427119,427169,0,10155169068
4449,0,11,164760063090600,164760063090687,164760063523339,87,432652,432739,0,10155169068
4450,0,11,164760073088549,164760073088599,164760073589902,50,501303,501353,0,10155169068
4451,0,11,164760083088715,164760083088787,164760083581364,72,492577,492649,0,10155169068
4452,0,11,164760093092950,164760093093009,164760093592737,59,499728,499787,0,10155169068
4453,0,11,164760103092601,164760103092665,164760103717668,64,625003,625067,0,10155169068
4454,0,11,164760113093915,164760113093979,164760113739446,64,645467,645531,0,10155169068
4455,0,11,164760123103338,164760123103408,164760123684752,70,581344,581414,0,10155169068
4456,0,11,164760133094131,164760133094210,164760133709181,79,614971,615050,0,10155169068
4457,0,11,164760143097960,164760143098025,164760143719725,65,621700,621765,0,10155169068
4458,0,11,164760153100156,164760153100226,164760153739650,70,639424,639494,0,10155169068
4459,0,11,164760163090445,164760163090506,164760163717827,61,627321,627382,0,10155169068
4460,0,11,164760173088735,164760173088794,164760173759241,59,670447,670506,0,10155169068
4461,0,11,164760183088458,164760183088518,164760183753875,60,665357,665417,0,10155169068
4462,0,11,164760193092265,164760193092327,164760193747317,62,654990,655052,0,10155169068
4463,0,11,164760203114240,164760203114293,164760203508762,53,394469,394522,0,10155169068
4464,0,11,164760213097254,164760213097303,164760213398236,49,300933,300982,0,10155169068
4465,0,11,164760223149572,164760223149623,164760223513341,51,363718,363769,0,10155169068
4466,0,11,164760233090543,164760233090608,164760233357070,65,266462,266527,0,10155169068
4467,0,11,164760243151106,164760243151157,164760243435550,51,284393,284444,0,10155169068
4468,0,11,164760253122337,164760253122387,164760253552678,50,430291,430341,0,10155169068
4469,0,11,164760263117478,164760263117538,164760263542262,60,424724,424784,0,10155169068
4470,0,11,164760273151160,164760273151211,164760273731092,51,579881,579932,0,10155169068
4471,0,11,164760283097859,164760283097922,164760283687835,63,589913,589976,0,10155169068
4472,0,11,164760293118268,164760293118319,164760293543108,51,424789,424840,0,10155169068
4473,0,11,164760303125491,164760303125541,164760303555600,50,430059,430109,0,10155169068
4474,0,11,164760313084077,164760313084144,164760313506089,67,421945,422012,0,10155169068
4475,0,11,164760323102509,164760323102560,164760323541345,51,438785,438836,0,10155169068
4476,0,11,164760333082603,164760333082646,164760333626430,43,543784,543827,0,10155169068
4477,0,11,164760343098321,164760343098391,164760343816901,70,718510,718580,0,10155169068
4478,0,11,164760353152171,164760353152221,164760353834150,50,681929,681979,0,10155169068
4479,0,11,164760363150027,164760363150084,164760363798683,57,648599,648656,0,10155169068
4480,0,11,164760373152660,164760373152719,164760373765819,59,613100,613159,0,10155169068
4481,0,11,164760383174551,164760383174602,164760383685494,51,510892,510943,0,10155169068
4482,0,11,164760393123172,164760393123223,164760393632992,51,509769,509820,0,10155169068
4483,0,11,164760403153131,164760403153182,164760403698145,51,544963,545014,0,10155169068
4484,0,11,164760413122735,164760413122795,164760413714190,60,591395,591455,0,10155169068
4485,0,11,164760423117300,164760423117351,164760423657002,51,539651,539702,0,10155169068
4486,0,11,164760433154428,164760433154478,164760433794024,50,639546,639596,0,10155169068
4487,0,11,164760443154212,164760443154269,164760443732418,57,578149,578206,0,10155169068
4488,0,11,164760453153446,164760453153505,164760453796606,59,643101,643160,0,10155169068
4489,0,11,164760463153255,164760463153312,164760463731882,57,578570,578627,0,10155169068
4490,0,11,164760473152756,164760473152807,164760473734377,51,581570,581621,0,10155169068
4491,0,11,164760483153664,164760483153715,164760483719108,51,565393,565444,0,10155169068
4492,0,11,164760493103370,164760493103421,164760493585449,51,482028,482079,0,10155169068
4493,0,11,164760503154211,164760503154262,164760503805372,51,651110,651161,0,10155169068
4494,0,11,164760513081809,164760513081862,164760513676820,53,594958,595011,0,10155169068
4495,0,11,164760523090783,164760523090883,164760523679371,100,588488,588588,0,10155169068
4496,0,11,164760533105251,164760533105317,164760533711322,66,606005,606071,0,10155169068
4497,0,11,164760543102227,164760543102278,164760543769560,51,667282,667333,0,10155169068
4498,0,11,164760553085070,164760553085122,164760553724886,52,639764,639816,0,10155169068
4499,0,11,164760563150055,164760563150132,164760563738703,77,588571,588648,0,10155169068
4500,0,11,164760573125463,164760573125520,164760573770986,57,645466,645523,0,10155169068
4501,0,11,164760583154368,164760583154425,164760583575569,57,421144,421201,0,10155169068
4502,0,11,164760593154633,164760593154692,164760593533297,59,378605,378664,0,10155169068
4503,0,11,164760603155367,164760603155420,164760603496903,53,341483,341536,0,10155169068
4504,0,11,164760613099151,164760613099202,164760613440798,51,341596,341647,0,10155169068
4505,0,11,164760623152461,164760623152512,164760623496768,51,344256,344307,0,10155169068
4506,0,11,164760633155548,164760633155605,164760633501437,57,345832,345889,0,10155169068
4507,0,11,164760643094910,164760643094975,164760643438046,65,343071,343136,0,10155169068
4508,0,11,164760653083206,164760653083248,164760653621007,42,537759,537801,0,10155169068
4509,0,11,164760663085467,164760663085534,164760663424352,67,338818,338885,0,10155169068
4510,0,11,164760674152269,164760674152320,164760674555855,51,403535,403586,0,10155169068
4511,0,11,164760683100754,164760683100805,164760683538917,51,438112,438163,0,10155169068
4512,0,11,164760693119267,164760693119317,164760693642239,50,522922,522972,0,10155169068
4513,0,11,164760703154335,164760703154394,164760703740662,59,586268,586327,0,10155169068
4514,0,11,164760713127692,164760713127743,164760713632439,51,504696,504747,0,10155169068
4515,0,11,164760723155108,164760723155159,164760723560967,51,405808,405859,0,10155169068
4516,0,11,164760733126665,164760733126716,164760733565914,51,439198,439249,0,10155169068
4517,0,11,164760743131039,164760743131096,164760743604298,57,473202,473259,0,10155169068
4518,0,11,164760753136294,164760753136345,164760753638519,51,502174,502225,0,10155169068
4519,0,11,164760763094332,164760763094383,164760763576694,51,482311,482362,0,10155169068
4520,0,11,164760773119504,164760773119561,164760773528239,57,408678,408735,0,10155169068
4521,0,11,164760783156789,164760783156846,164760783664991,57,508145,508202,0,10155169068
4522,0,11,164760793094722,164760793094773,164760793527465,51,432692,432743,0,10155169068
4523,0,11,164760803155624,164760803155675,164760803586041,51,430366,430417,0,10155169068
4524,0,11,164760813120346,164760813120397,164760813545293,51,424896,424947,0,10155169068
4525,0,11,164760823119813,164760823119871,164760823532446,58,412575,412633,0,10155169068
4526,0,11,164760833157327,164760833157385,164760833590318,58,432933,432991,0,10155169068
4527,0,11,164760843156352,164760843156403,164760843586500,51,430097,430148,0,10155169068
4528,0,11,164760853155485,164760853155536,164760853585902,51,430366,430417,0,10155169068
4529,0,11,164760863154720,164760863154771,164760863451713,51,296942,296993,0,10155169068
4530,0,11,164760873153846,164760873153897,164760873666707,51,512810,512861,0,10155169068
4531,0,11,164760883156013,164760883156065,164760883630855,52,474790,474842,0,10155169068
4532,0,11,164760893156020,164760893156071,164760893553016,51,396945,396996,0,10155169068
4533,0,11,164760903154847,164760903154904,164760903546162,57,391258,391315,0,10155169068
4534,0,11,164760913155831,164760913155882,164760913702996,51,547114,547165,0,10155169068
4535,0,11,164760923096500,164760923096550,164760923386061,50,289511,289561,0,10155169068
4536,0,11,164760933127914,164760933127971,164760933403987,57,276016,276073,0,10155169068
4537,0,11,164760943157146,164760943157203,164760943629776,57,472573,472630,0,10155169068
4538,0,11,164760953090972,164760953091026,164760953440149,54,349123,349177,0,10155169068
4539,0,11,164760963123368,164760963123433,164760963737464,65,614031,614096,0,10155169068
4540,0,11,164760973120520,164760973120571,164760973406388,51,285817,285868,0,10155169068
4541,0,11,164760983135449,164760983135500,164760983411205,51,275705,275756,0,10155169068
4542,0,11,164760993156570,164760993156627,164760993879596,57,722969,723026,0,10155169068
4543,0,11,164761003407070,164761003407168,164761003906261,98,499093,499191,0,10155169068
4544,0,11,164761013088512,164761013088552,164761013347005,40,258453,258493,0,10155169068
4545,0,11,164761023116375,164761023116428,164761023397622,53,281194,281247,0,10155169068
4546,0,11,164761033131513,164761033131579,164761033425191,66,293612,293678,0,10155169068
4547,0,11,164761043120387,164761043120444,164761043413629,57,293185,293242,0,10155169068
4548,0,11,164761053118860,164761053118912,164761053407545,52,288633,288685,0,10155169068
4549,0,11,164761063121631,164761063121682,164761063657879,51,536197,536248,0,10155169068
4550,0,11,164761073155511,164761073155568,164761073735482,57,579914,579971,0,10155169068
4551,0,11,164761083136265,164761083136316,164761083691492,51,555176,555227,0,10155169068
4552,0,11,164761093156145,164761093156196,164761093738982,51,582786,582837,0,10155169068
4553,0,11,164761103096938,164761103096991,164761103866923,53,769932,769985,0,10155169068
4554,0,11,164761113117680,164761113117737,164761113722474,57,604737,604794,0,10155169068
4555,0,11,164761123102916,164761123102982,164761123499554,66,396572,396638,0,10155169068
4556,0,11,164761133157362,164761133157414,164761133576294,52,418880,418932,0,10155169068
4557,0,11,164761143136154,164761143136205,164761143668644,51,532439,532490,0,10155169068
4558,0,11,164761153159153,164761153159212,164761153472058,59,312846,312905,0,10155169068
4559,0,11,164761163121205,164761163121256,164761163383808,51,262552,262603,0,10155169068
4560,0,11,164761173094188,164761173094240,164761173365521,52,271281,271333,0,10155169068
4561,0,11,164761183113893,164761183113961,164761183356144,68,242183,242251,0,10155169068
4562,0,11,164761193104610,164761193104661,164761193455953,51,351292,351343,0,10155169068
4563,0,11,164761203137171,164761203137228,164761203600532,57,463304,463361,0,10155169068
4564,0,11,164761213158859,164761213158910,164761213596683,51,437773,437824,0,10155169068
4565,0,11,164761223156646,164761223156697,164761223687380,51,530683,530734,0,10155169068
4566,0,11,164761233125349,164761233125400,164761233666648,51,541248,541299,0,10155169068
4567,0,11,164761243156820,164761243156879,164761243474424,59,317545,317604,0,10155169068
4568,0,11,164761253113558,164761253113606,164761253885062,48,771456,771504,0,10155169068
4569,0,11,164761263521404,164761263521460,164761264409748,56,888288,888344,0,10155169068
4570,0,11,164761273436292,164761273436348,164761274469430,56,1033082,1033138,0,10155169068
4571,0,11,164761283095194,164761283095258,164761283770626,64,675368,675432,0,10155169068
4572,0,11,164761293161271,164761293161321,164761293789122,50,627801,627851,0,10155169068
4573,0,11,164761303158994,164761303159045,164761303796280,51,637235,637286,0,10155169068
4574,0,11,164761313158128,164761313158178,164761313790344,50,632166,632216,0,10155169068
4575,0,11,164761323111534,164761323111587,164761323607625,53,496038,496091,0,10155169068
4576,0,11,164761333161630,164761333161687,164761333701672,57,539985,540042,0,10155169068
4577,0,11,164761343159945,164761343159996,164761343835244,51,675248,675299,0,10155169068
4578,0,11,164761353109769,164761353109822,164761353673672,53,563850,563903,0,10155169068
4579,0,11,164761363128540,164761363128591,164761363723632,51,595041,595092,0,10155169068
4580,0,11,164761373127621,164761373127673,164761373730610,52,602937,602989,0,10155169068
4581,0,11,164761383157921,164761383157979,164761383760077,58,602098,602156,0,10155169068
4582,0,11,164761393159331,164761393159381,164761393757292,50,597911,597961,0,10155169068
4583,0,11,164761403130758,164761403130809,164761403736789,51,605980,606031,0,10155169068
4584,0,11,164761413159470,164761413159521,164761414439308,51,1279787,1279838,0,10155169068
4585,0,11,164761423158543,164761423158600,164761423617499,57,458899,458956,0,10155169068
4586,0,11,164761433161047,164761433161099,164761433627278,52,466179,466231,0,10155169068
4587,0,11,164761443161548,164761443161607,164761443699257,59,537650,537709,0,10155169068
4588,0,11,164761453158154,164761453158212,164761453685796,58,527584,527642,0,10155169068
4589,0,11,164761463078809,164761463078862,164761463554717,53,475855,475908,0,10155169068
4590,0,11,164761473113946,164761473113996,164761473475696,50,361700,361750,0,10155169068
4591,0,11,164761483126514,164761483126565,164761483651525,51,524960,525011,0,10155169068
4592,0,11,164761493132025,164761493132076,164761493737961,51,605885,605936,0,10155169068
4593,0,11,164761503116598,164761503116649,164761503801830,51,685181,685232,0,10155169068
4594,0,11,164761513160946,164761513160997,164761513948434,51,787437,787488,0,10155169068
4595,0,11,164761523160075,164761523160126,164761523706848,51,546722,546773,0,10155169068
4596,0,11,164761533524732,164761533524791,164761533854682,59,329891,329950,0,10155169068
4597,0,11,164761543099834,164761543099916,164761543609230,82,509314,509396,0,10155169068
4598,0,11,164761553110292,164761553110365,164761553517172,73,406807,406880,0,10155169068
4599,0,11,164761563108766,164761563108818,164761563343282,52,234464,234516,0,10155169068
4600,0,11,164761573134257,164761573134308,164761573655248,51,520940,520991,0,10155169068
4601,0,11,164761583121281,164761583121332,164761583544007,51,422675,422726,0,10155169068
4602,0,11,164761593160141,164761593160198,164761593711247,57,551049,551106,0,10155169068
4603,0,11,164761603166301,164761603166352,164761603609508,51,443156,443207,0,10155169068
4604,0,11,164761613168327,164761613168384,164761613696909,57,528525,528582,0,10155169068
4605,0,11,164761623164376,164761623164427,164761623790344,51,625917,625968,0,10155169068
4606,0,11,164761633162844,164761633162895,164761633830990,51,668095,668146,0,10155169068
4607,0,11,164761643165735,164761643165786,164761643597547,51,431761,431812,0,10155169068
4608,0,11,164761653162224,164761653162284,164761653517415,60,355131,355191,0,10155169068
4609,0,11,164761663160688,164761663160745,164761663557483,57,396738,396795,0,10155169068
4610,0,11,164761673177195,164761673177282,164761673653635,87,476353,476440,0,10155169068
4611,0,11,164761683181258,164761683181338,164761683637874,80,456536,456616,0,10155169068
4612,0,11,164761693141227,164761693141307,164761693575999,80,434692,434772,0,10155169068
4613,0,11,164761703190168,164761703190300,164761703744528,132,554228,554360,0,10155169068
4614,0,11,164761713152838,164761713152925,164761713567547,87,414622,414709,0,10155169068
4615,0,11,164761723182098,164761723182178,164761723774223,80,592045,592125,0,10155169068
4616,0,11,164761733183817,164761733183895,164761733661364,78,477469,477547,0,10155169068
4617,0,11,164761743104522,164761743104580,164761743518119,58,413539,413597,0,10155169068
4618,0,11,164761753162669,164761753162728,164761753627469,59,464741,464800,0,10155169068
4619,0,11,164761763163165,164761763163224,164761763567551,59,404327,404386,0,10155169068
4620,0,11,164761773162648,164761773162699,164761773731389,51,568690,568741,0,10155169068
4621,0,11,164761783165831,164761783165888,164761783626643,57,460755,460812,0,10155169068
4622,0,11,164761793161465,164761793161522,164761793574638,57,413116,413173,0,10155169068
4623,0,11,164761803130078,164761803130129,164761803539537,51,409408,409459,0,10155169068
4624,0,11,164761813127001,164761813127050,164761813532715,49,405665,405714,0,10155169068
4625,0,11,164761823112379,164761823112429,164761823539546,50,427117,427167,0,10155169068
4626,0,11,164761833110465,164761833110529,164761833320839,64,210310,210374,0,10155169068
4627,0,11,164761843129279,164761843129330,164761843490313,51,360983,361034,0,10155169068
4628,0,11,164761853116684,164761853116763,164761853497513,79,380750,380829,0,10155169068
4629,0,11,164761863139520,164761863139571,164761863501696,51,362125,362176,0,10155169068
4630,0,11,164761873166034,164761873166085,164761873702280,51,536195,536246,0,10155169068
4631,0,11,164761883177345,164761883177423,164761883566203,78,388780,388858,0,10155169068
4632,0,11,164761893138193,164761893138271,164761893850630,78,712359,712437,0,10155169068
4633,0,11,164761903179473,164761903179551,164761903871175,78,691624,691702,0,10155169068
4634,0,11,164761913141721,164761913141801,164761914132141,80,990340,990420,0,10155169068
4635,0,11,164761923178015,164761923178093,164761923837663,78,659570,659648,0,10155169068
4636,0,11,164761933181232,164761933181321,164761933981022,89,799701,799790,0,10155169068
4637,0,11,164761943124182,164761943124260,164761943675965,78,551705,551783,0,10155169068
4638,0,11,164761953164171,164761953164230,164761953855755,59,691525,691584,0,10155169068
4639,0,11,164761963163798,164761963163855,164761963825413,57,661558,661615,0,10155169068
4640,0,11,164761973191349,164761973191406,164761973757108,57,565702,565759,0,10155169068
4641,0,11,164761983135586,164761983135637,164761984522519,51,1386882,1386933,0,10155169068
4642,0,11,164761993232791,164761993232976,164761994504959,185,1271983,1272168,0,10155169068
4643,0,11,164762005726958,164762005727149,164762006850096,191,1122947,1123138,0,10155169068
4644,0,11,164762015805783,164762015806043,164762017092841,260,1286798,1287058,0,10155169068
4645,0,11,164762023175989,164762023176159,164762024643480,170,1467321,1467491,0,10155169068
4646,0,11,164762033237568,164762033237779,164762034082442,211,844663,844874,0,10155169068
4647,0,11,164762043160346,164762043160512,164762044094677,166,934165,934331,0,10155169068
4648,0,11,164762053109814,164762053109865,164762053733942,51,624077,624128,0,10155169068
4649,0,11,164762063108147,164762063108198,164762064204477,51,1096279,1096330,0,10155169068
4650,0,11,164762073134751,164762073134802,164762073431496,51,296694,296745,0,10155169068
4651,0,11,164762083164415,164762083164467,164762083474191,52,309724,309776,0,10155169068
4652,0,11,164762093163545,164762093163597,164762093474087,52,310490,310542,0,10155169068
4653,0,11,164762103161912,164762103161969,164762103471146,57,309177,309234,0,10155169068
4654,0,11,164762113162455,164762113162508,164762113475279,53,312771,312824,0,10155169068
4655,0,11,164762123164642,164762123164699,164762123472374,57,307675,307732,0,10155169068
4656,0,11,164762133130459,164762133130529,164762133461295,70,330766,330836,0,10155169068
4657,0,11,164762143165884,164762143165941,164762143429570,57,263629,263686,0,10155169068
4658,0,11,164762153166986,164762153167037,164762153501055,51,334018,334069,0,10155169068
4659,0,11,164762163164984,164762163165037,164762163480676,53,315639,315692,0,10155169068
4660,0,11,164762173164369,164762173164419,164762173574932,50,410513,410563,0,10155169068
4661,0,11,164762183163692,164762183163744,164762183586454,52,422710,422762,0,10155169068
4662,0,11,164762193163987,164762193164038,164762193450565,51,286527,286578,0,10155169068
4663,0,11,164762203165257,164762203165310,164762203677502,53,512192,512245,0,10155169068
4664,0,11,164762213143655,164762213143706,164762213605932,51,462226,462277,0,10155169068
4665,0,11,164762223165363,164762223165415,164762223710678,52,545263,545315,0,10155169068
4666,0,11,164762233115200,164762233115257,164762233432487,57,317230,317287,0,10155169068
4667,0,11,164762243172586,164762243172646,164762243592197,60,419551,419611,0,10155169068
4668,0,11,164762253172236,164762253172302,164762253710433,66,538131,538197,0,10155169068
4669,0,11,164762263145872,164762263145923,164762263429748,51,283825,283876,0,10155169068
4670,0,11,164762273103815,164762273103867,164762273387312,52,283445,283497,0,10155169068
4671,0,11,164762283164807,164762283164865,164762283453206,58,288341,288399,0,10155169068
4672,0,11,164762293141225,164762293141276,164762293491432,51,350156,350207,0,10155169068
4673,0,11,164762303166644,164762303166696,164762303642404,52,475708,475760,0,10155169068
4674,0,11,164762313166184,164762313166235,164762313667249,51,501014,501065,0,10155169068
4675,0,11,164762323167646,164762323167698,164762323676319,52,508621,508673,0,10155169068
4676,0,11,164762333166023,164762333166074,164762333627799,51,461725,461776,0,10155169068
4677,0,11,164762343136106,164762343136157,164762343605003,51,468846,468897,0,10155169068
4678,0,11,164762353180760,164762353180812,164762353798993,52,618181,618233,0,10155169068
4679,0,11,164762363137729,164762363137780,164762363629617,51,491837,491888,0,10155169068
4680,0,11,164762373165255,164762373165312,164762373779127,57,613815,613872,0,10155169068
4681,0,11,164762383133315,164762383133395,164762384118101,80,984706,984786,0,10155169068
4682,0,11,164762393168313,164762393168364,164762393460596,51,292232,292283,0,10155169068
4683,0,11,164762403168312,164762403168363,164762403819664,51,651301,651352,0,10155169068
4684,0,11,164762413166678,164762413166735,164762413669373,57,502638,502695,0,10155169068
4685,0,11,164762423167709,164762423167760,164762423656229,51,488469,488520,0,10155169068
4686,0,11,164762433167115,164762433167168,164762433462563,53,295395,295448,0,10155169068
4687,0,11,164762443099387,164762443099446,164762443639530,59,540084,540143,0,10155169068
4688,0,11,164762453169574,164762453169632,164762453840145,58,670513,670571,0,10155169068
4689,0,11,164762463169234,164762463169291,164762463848691,57,679400,679457,0,10155169068
4690,0,11,164762473170768,164762473170825,164762473890824,57,719999,720056,0,10155169068
4691,0,11,164762483171375,164762483171428,164762483561584,53,390156,390209,0,10155169068
4692,0,11,164762493124098,164762493124158,164762493448128,60,323970,324030,0,10155169068
4693,0,11,164762503194208,164762503194261,164762503502227,53,307966,308019,0,10155169068
4694,0,11,164762513171028,164762513171085,164762513486299,57,315214,315271,0,10155169068
4695,0,11,164762523132520,164762523132571,164762523433613,51,301042,301093,0,10155169068
4696,0,11,164762533166639,164762533166699,164762533478627,60,311928,311988,0,10155169068
4697,0,11,164762543167921,164762543167974,164762543480324,53,312350,312403,0,10155169068
4698,0,11,164762553103194,164762553103274,164762554220315,80,1117041,1117121,0,10155169068
4699,0,11,164762563105419,164762563105496,164762563529664,77,424168,424245,0,10155169068
4700,0,11,164762573103437,164762573103506,164762573546032,69,442526,442595,0,10155169068
4701,0,11,164762583115680,164762583115759,164762583583995,79,468236,468315,0,10155169068
4702,0,11,164762593131778,164762593131840,164762593572169,62,440329,440391,0,10155169068
4703,0,11,164762603167301,164762603167358,164762603606505,57,439147,439204,0,10155169068
4704,0,11,164762613137609,164762613137660,164762613706236,51,568576,568627,0,10155169068
4705,0,11,164762623168411,164762623168462,164762623741410,51,572948,572999,0,10155169068
4706,0,11,164762633169019,164762633169077,164762633714079,58,545002,545060,0,10155169068
4707,0,11,164762643130700,164762643130751,164762643704493,51,573742,573793,0,10155169068
4708,0,11,164762653168759,164762653168810,164762653784586,51,615776,615827,0,10155169068
4709,0,11,164762663103202,164762663103245,164762663785431,43,682186,682229,0,10155169068
4710,0,11,164762673107778,164762673107838,164762673821570,60,713732,713792,0,10155169068
4711,0,11,164762683129829,164762683129880,164762683826773,51,696893,696944,0,10155169068
4712,0,11,164762693168728,164762693168780,164762693903667,52,734887,734939,0,10155169068
4713,0,11,164762703168116,164762703168168,164762703847468,52,679300,679352,0,10155169068
4714,0,11,164762713168057,164762713168114,164762713510129,57,342015,342072,0,10155169068
4715,0,11,164762723169796,164762723169847,164762723485183,51,315336,315387,0,10155169068
4716,0,11,164762733139963,164762733140014,164762733452739,51,312725,312776,0,10155169068
4717,0,11,164762743170942,164762743170993,164762743480312,51,309319,309370,0,10155169068
4718,0,11,164762753170524,164762753170575,164762753486452,51,315877,315928,0,10155169068
4719,0,11,164762763128570,164762763128620,164762763421374,50,292754,292804,0,10155169068
4720,0,11,164762773171486,164762773171544,164762773488052,58,316508,316566,0,10155169068
4721,0,11,164762783169926,164762783169983,164762783486838,57,316855,316912,0,10155169068
4722,0,11,164762793148173,164762793148224,164762793442071,51,293847,293898,0,10155169068
4723,0,11,164762803168104,164762803168161,164762803497272,57,329111,329168,0,10155169068
4724,0,11,164762813135377,164762813135428,164762813454710,51,319282,319333,0,10155169068
4725,0,11,164762823170477,164762823170529,164762823430957,52,260428,260480,0,10155169068
4726,0,11,164762833170863,164762833170914,164762833500632,51,329718,329769,0,10155169068
4727,0,11,164762843232380,164762843232550,164762844238141,170,1005591,1005761,0,10155169068
4728,0,11,164762853248358,164762853248534,164762854056045,176,807511,807687,0,10155169068
4729,0,11,164762863235219,164762863235385,164762863956040,166,720655,720821,0,10155169068
4730,0,11,164762873174005,164762873174056,164762873464228,51,290172,290223,0,10155169068
4731,0,11,164762883175428,164762883175479,164762883466795,51,291316,291367,0,10155169068
4732,0,11,164762893173622,164762893173679,164762893466935,57,293256,293313,0,10155169068
4733,0,11,164762903173693,164762903173750,164762903466244,57,292494,292551,0,10155169068
4734,0,11,164762913148729,164762913148780,164762913437210,51,288430,288481,0,10155169068
4735,0,11,164762923146376,164762923146433,164762923431202,57,284769,284826,0,10155169068
4736,0,11,164762933173338,164762933173389,164762933585889,51,412500,412551,0,10155169068
4737,0,11,164762943172840,164762943172891,164762943713391,51,540500,540551,0,10155169068
4738,0,11,164762953148098,164762953148157,164762953756453,59,608296,608355,0,10155169068
4739,0,11,164762963170494,164762963170544,164762963783546,50,613002,613052,0,10155169068
4740,0,11,164762973170082,164762973170134,164762973786131,52,615997,616049,0,10155169068
4741,0,11,164762983141326,164762983141383,164762983861203,57,719820,719877,0,10155169068
4742,0,11,164762993128972,164762993129023,164762993823853,51,694830,694881,0,10155169068
4743,0,11,164763003169976,164763003170057,164763004030489,81,860432,860513,0,10155169068
4744,0,11,164763013138937,164763013138987,164763013815169,50,676182,676232,0,10155169068
4745,0,11,164763023129024,164763023129083,164763023346482,59,217399,217458,0,10155169068
4746,0,11,164763033172207,164763033172281,164763033493235,74,320954,321028,0,10155169068
4747,0,11,164763043170487,164763043170546,164763043587673,59,417127,417186,0,10155169068
4748,0,11,164763053172329,164763053172386,164763053740243,57,567857,567914,0,10155169068
4749,0,11,164763063137524,164763063137575,164763063663478,51,525903,525954,0,10155169068
4750,0,11,164763073147004,164763073147057,164763073514747,53,367690,367743,0,10155169068
4751,0,11,164763083101157,164763083101198,164763084067839,41,966641,966682,0,10155169068
4752,0,11,164763093117791,164763093117851,164763093624515,60,506664,506724,0,10155169068
4753,0,11,164763103117239,164763103117293,164763103832314,54,715021,715075,0,10155169068
4754,0,11,164763113171175,164763113171226,164763113610635,51,439409,439460,0,10155169068
4755,0,11,164763123172444,164763123172495,164763123614060,51,441565,441616,0,10155169068
4756,0,11,164763133104016,164763133104068,164763133496334,52,392266,392318,0,10155169068
4757,0,11,164763143125014,164763143125065,164763143554515,51,429450,429501,0,10155169068
4758,0,11,164763153172598,164763153172655,164763153590841,57,418186,418243,0,10155169068
4759,0,11,164763163172776,164763163172827,164763163624352,51,451525,451576,0,10155169068
4760,0,11,164763173121984,164763173122035,164763173520568,51,398533,398584,0,10155169068
4761,0,11,164763183110405,164763183110459,164763183497237,54,386778,386832,0,10155169068
4762,0,11,164763193171713,164763193171766,164763193669684,53,497918,497971,0,10155169068
4763,0,11,164763203150204,164763203150255,164763203771928,51,621673,621724,0,10155169068
4764,0,11,164763213120971,164763213121021,164763213580204,50,459183,459233,0,10155169068
4765,0,11,164763223171794,164763223171845,164763223802329,51,630484,630535,0,10155169068
4766,0,11,164763233216217,164763233216268,164763233576262,51,359994,360045,0,10155169068
4767,0,11,164763243173551,164763243173611,164763243633172,60,459561,459621,0,10155169068
4768,0,11,164763253124457,164763253124517,164763253482805,60,358288,358348,0,10155169068
4769,0,11,164763263173620,164763263173671,164763263816600,51,642929,642980,0,10155169068
4770,0,11,164763273174351,164763273174402,164763273634169,51,459767,459818,0,10155169068
4771,0,11,164763283172571,164763283172623,164763283474138,52,301515,301567,0,10155169068
4772,0,11,164763293173220,164763293173278,164763293739483,58,566205,566263,0,10155169068
4773,0,11,164763303178266,164763303178325,164763303898758,59,720433,720492,0,10155169068
4774,0,11,164763313137599,164763313137650,164763313703251,51,565601,565652,0,10155169068
4775,0,11,164763323144329,164763323144380,164763323967127,51,822747,822798,0,10155169068
4776,0,11,164763333108479,164763333108531,164763334024359,52,915828,915880,0,10155169068
4777,0,11,164763343141482,164763343141539,164763343676470,57,534931,534988,0,10155169068
4778,0,11,164763353121744,164763353121795,164763353773351,51,651556,651607,0,10155169068
4779,0,11,164763363137633,164763363137682,164763363544428,49,406746,406795,0,10155169068
4780,0,11,164763373150284,164763373150335,164763373672251,51,521916,521967,0,10155169068
4781,0,11,164763383177278,164763383177329,164763383635843,51,458514,458565,0,10155169068
4782,0,11,164763393172285,164763393172336,164763393995948,51,823612,823663,0,10155169068
4783,0,11,164763403173856,164763403173907,164763403989617,51,815710,815761,0,10155169068
4784,0,11,164763413219224,164763413219347,164763414109734,123,890387,890510,0,10155169068
4785,0,11,164763423263580,164763423263700,164763424186753,120,923053,923173,0,10155169068
4786,0,11,164763433219701,164763433219836,164763434115985,135,896149,896284,0,10155169068
4787,0,11,164763443176596,164763443176647,164763444267549,51,1090902,1090953,0,10155169068
4788,0,11,164763453139239,164763453139289,164763453618277,50,478988,479038,0,10155169068
4789,0,11,164763463173642,164763463173695,164763463641078,53,467383,467436,0,10155169068
4790,0,11,164763473139053,164763473139104,164763473659114,51,520010,520061,0,10155169068
4791,0,11,164763483172279,164763483172330,164763483753255,51,580925,580976,0,10155169068
4792,0,11,164763493176758,164763493176815,164763493616531,57,439716,439773,0,10155169068
4793,0,11,164763503184220,164763503184279,164763503682120,59,497841,497900,0,10155169068
4794,0,11,164763513172938,164763513172997,164763513686771,59,513774,513833,0,10155169068
4795,0,11,164763523177424,164763523177481,164763523819749,57,642268,642325,0,10155169068
4796,0,11,164763533174984,164763533175043,164763533676617,59,501574,501633,0,10155169068
4797,0,11,164763543174944,164763543175001,164763543562923,57,387922,387979,0,10155169068
4798,0,11,164763553140322,164763553140373,164763553557283,51,416910,416961,0,10155169068
4799,0,11,164763563124397,164763563124461,164763563641720,64,517259,517323,0,10155169068
4800,0,11,164763573132353,164763573132404,164763573486363,51,353959,354010,0,10155169068
4801,0,11,164763583143673,164763583143730,164763583623510,57,479780,479837,0,10155169068
4802,0,11,164763593173647,164763593173699,164763593738443,52,564744,564796,0,10155169068
4803,0,11,164763603141436,164763603141504,164763603788675,68,647171,647239,0,10155169068
4804,0,11,164763613113212,164763613113284,164763613656766,72,543482,543554,0,10155169068
4805,0,11,164763623845453,164763623845522,164763624339502,69,493980,494049,0,10155169068
4806,0,11,164763633109585,164763633109636,164763633528698,51,419062,419113,0,10155169068
4807,0,11,164763643142926,164763643142977,164763643786815,51,643838,643889,0,10155169068
4808,0,11,164763653109732,164763653109783,164763653497524,51,387741,387792,0,10155169068
4809,0,11,164763663176131,164763663176182,164763663750581,51,574399,574450,0,10155169068
4810,0,11,164763673175541,164763673175592,164763673675900,51,500308,500359,0,10155169068
4811,0,11,164763683175892,164763683175951,164763683754562,59,578611,578670,0,10155169068
4812,0,11,164763693176452,164763693176502,164763693729555,50,553053,553103,0,10155169068
4813,0,11,164763703131912,164763703131971,164763703700307,59,568336,568395,0,10155169068
4814,0,11,164763713115467,164763713115536,164763713501607,69,386071,386140,0,10155169068
4815,0,11,164763723179244,164763723179301,164763723464190,57,284889,284946,0,10155169068
4816,0,11,164763733148265,164763733148316,164763733394132,51,245816,245867,0,10155169068
4817,0,11,164763743123019,164763743123127,164763743550931,108,427804,427912,0,10155169068
4818,0,11,164763753193103,164763753193162,164763753636628,59,443466,443525,0,10155169068
4819,0,11,164763763180033,164763763180091,164763763625888,58,445797,445855,0,10155169068
4820,0,11,164763773183759,164763773183810,164763773628773,51,444963,445014,0,10155169068
4821,0,11,164763783188153,164763783188204,164763783635808,51,447604,447655,0,10155169068
4822,0,11,164763793178116,164763793178174,164763793646069,58,467895,467953,0,10155169068
4823,0,11,164763803181565,164763803181623,164763803686913,58,505290,505348,0,10155169068
4824,0,11,164763813141117,164763813141168,164763813621981,51,480813,480864,0,10155169068
4825,0,11,164763823116602,164763823116662,164763823640720,60,524058,524118,0,10155169068
4826,0,11,164763833105413,164763833105464,164763833491363,51,385899,385950,0,10155169068
4827,0,11,164763843177057,164763843177109,164763843706532,52,529423,529475,0,10155169068
4828,0,11,164763853176128,164763853176179,164763853925969,51,749790,749841,0,10155169068
4829,0,11,164763863155511,164763863155571,164763863558025,60,402454,402514,0,10155169068
4830,0,11,164763873181383,164763873181441,164763873747780,58,566339,566397,0,10155169068
4831,0,11,164763883179129,164763883179182,164763883739095,53,559913,559966,0,10155169068
4832,0,11,164763893175274,164763893175326,164763893744644,52,569318,569370,0,10155169068
4833,0,11,164763903176381,164763903176434,164763903934691,53,758257,758310,0,10155169068
4834,0,11,164763913179651,164763913179710,164763913469591,59,289881,289940,0,10155169068
4835,0,11,164763923179324,164763923179381,164763923446257,57,266876,266933,0,10155169068
4836,0,11,164763933122122,164763933122181,164763933520427,59,398246,398305,0,10155169068
4837,0,11,164763943180032,164763943180090,164763943608696,58,428606,428664,0,10155169068
4838,0,11,164763953108395,164763953108446,164763953306363,51,197917,197968,0,10155169068
4839,0,11,164763963178272,164763963178323,164763963475408,51,297085,297136,0,10155169068
4840,0,11,164763973181242,164763973181300,164763973473090,58,291790,291848,0,10155169068
4841,0,11,164763983181597,164763983181650,164763983479747,53,298097,298150,0,10155169068
4842,0,11,164763993868607,164763993868837,164763994451185,230,582348,582578,0,10155169068
4843,0,11,164764003239202,164764003239290,164764003736003,88,496713,496801,0,10155169068
4844,0,11,164764013123049,164764013123112,164764013643196,63,520084,520147,0,10155169068
4845,0,11,164764023180001,164764023180060,164764023505934,59,325874,325933,0,10155169068
4846,0,11,164764033180734,164764033180798,164764033498051,64,317253,317317,0,10155169068
4847,0,11,164764043179258,164764043179309,164764043534632,51,355323,355374,0,10155169068
4848,0,11,164764053180298,164764053180357,164764053537932,59,357575,357634,0,10155169068
4849,0,11,164764063182269,164764063182326,164764063541315,57,358989,359046,0,10155169068
4850,0,11,164764073135873,164764073135914,164764073759050,41,623136,623177,0,10155169068
4851,0,11,164764083138704,164764083138762,164764083639276,58,500514,500572,0,10155169068
4852,0,11,164764093116522,164764093116590,164764094956402,68,1839812,1839880,0,10155169068
4853,0,11,164764103147834,164764103147885,164764103729685,51,581800,581851,0,10155169068
4854,0,11,164764113179858,164764113179910,164764113553001,52,373091,373143,0,10155169068
4855,0,11,164764123178964,164764123179015,164764123534636,51,355621,355672,0,10155169068
4856,0,11,164764133178557,164764133178608,164764133536604,51,357996,358047,0,10155169068
4857,0,11,164764143179459,164764143179511,164764143474676,52,295165,295217,0,10155169068
4858,0,11,164764153205405,164764153205456,164764153535169,51,329713,329764,0,10155169068
4859,0,11,164764163179758,164764163179815,164764163594256,57,414441,414498,0,10155169068
4860,0,11,164764173177978,164764173178029,164764173734915,51,556886,556937,0,10155169068
4861,0,11,164764183149627,164764183149678,164764183698796,51,549118,549169,0,10155169068
4862,0,11,164764193180904,164764193180955,164764193741960,51,561005,561056,0,10155169068
4863,0,11,164764203217958,164764203218014,164764203760850,56,542836,542892,0,10155169068
4864,0,11,164764213187657,164764213187714,164764213696430,57,508716,508773,0,10155169068
4865,0,11,164764223183462,164764223183522,164764223705692,60,522170,522230,0,10155169068
4866,0,11,164764233149967,164764233150018,164764233719823,51,569805,569856,0,10155169068
4867,0,11,164764243184762,164764243184819,164764243771782,57,586963,587020,0,10155169068
4868,0,11,164764253181253,164764253181306,164764253756437,53,575131,575184,0,10155169068
4869,0,11,164764263178514,164764263178565,164764263788083,51,609518,609569,0,10155169068
4870,0,11,164764273180490,164764273180543,164764273675907,53,495364,495417,0,10155169068
4871,0,11,164764283216858,164764283216987,164764284170188,129,953201,953330,0,10155169068
4872,0,11,164764293166938,164764293166999,164764293788113,61,621114,621175,0,10155169068
4873,0,11,164764303179430,164764303179487,164764303703945,57,524458,524515,0,10155169068
4874,0,11,164764313146442,164764313146492,164764313511563,50,365071,365121,0,10155169068
4875,0,11,164764323181276,164764323181327,164764323622317,51,440990,441041,0,10155169068
4876,0,11,164764333178861,164764333178912,164764333700012,51,521100,521151,0,10155169068
4877,0,11,164764343179705,164764343179763,164764343684294,58,504531,504589,0,10155169068
4878,0,11,164764353150545,164764353150604,164764353595839,59,445235,445294,0,10155169068
4879,0,11,164764363147865,164764363147925,164764363651564,60,503639,503699,0,10155169068
4880,0,11,164764373182915,164764373182974,164764373710774,59,527800,527859,0,10155169068
4881,0,11,164764383182637,164764383182688,164764383704536,51,521848,521899,0,10155169068
4882,0,11,164764393182478,164764393182529,164764393682428,51,499899,499950,0,10155169068
4883,0,11,164764403180672,164764403180729,164764403712417,57,531688,531745,0,10155169068
4884,0,11,164764413180608,164764413180667,164764413647578,59,466911,466970,0,10155169068
4885,0,11,164764423180534,164764423180586,164764424286448,52,1105862,1105914,0,10155169068
4886,0,11,164764433235835,164764433235968,164764434368781,133,1132813,1132946,0,10155169068
4887,0,11,164764443199931,164764443200079,164764444536625,148,1336546,1336694,0,10155169068
4888,0,11,164764453329277,164764453329482,164764454721628,205,1392146,1392351,0,10155169068
4889,0,11,164764463234787,164764463234919,164764464710719,132,1475800,1475932,0,10155169068
4890,0,11,164764473234130,164764473234262,164764474740284,132,1506022,1506154,0,10155169068
4891,0,11,164764483149089,164764483149273,164764484646001,184,1496728,1496912,0,10155169068
4892,0,11,164764493239608,164764493239756,164764494686577,148,1446821,1446969,0,10155169068
4893,0,11,164764503235420,164764503235565,164764504696767,145,1461202,1461347,0,10155169068
4894,0,11,164764513181832,164764513181890,164764513763870,58,581980,582038,0,10155169068
4895,0,11,164764523181154,164764523181207,164764523833409,53,652202,652255,0,10155169068
4896,0,11,164764533139649,164764533139701,164764533559085,52,419384,419436,0,10155169068
4897,0,11,164764543180592,164764543180651,164764543797116,59,616465,616524,0,10155169068
4898,0,11,164764553181602,164764553181653,164764554418485,51,1236832,1236883,0,10155169068
4899,0,11,164764563173160,164764563173331,164764564843161,171,1669830,1670001,0,10155169068
4900,0,11,164764573245615,164764573245780,164764574791548,165,1545768,1545933,0,10155169068
4901,0,11,164764583226392,164764583226557,164764584566939,165,1340382,1340547,0,10155169068
4902,0,11,164764593245753,164764593245924,164764594165024,171,919100,919271,0,10155169068
4903,0,11,164764603248331,164764603248501,164764604193677,170,945176,945346,0,10155169068
4904,0,11,164764613184124,164764613184175,164764613927912,51,743737,743788,0,10155169068
4905,0,11,164764623184275,164764623184328,164764623913160,53,728832,728885,0,10155169068
4906,0,11,164764633207748,164764633208001,164764634364341,253,1156340,1156593,0,10155169068
4907,0,11,164764643164628,164764643164877,164764644697782,249,1532905,1533154,0,10155169068
4908,0,11,164764653144206,164764653144426,164764654615724,220,1471298,1471518,0,10155169068
4909,0,11,164764663151447,164764663151636,164764664799379,189,1647743,1647932,0,10155169068
4910,0,11,164764673154992,164764673155161,164764674600318,169,1445157,1445326,0,10155169068
4911,0,11,164764683169895,164764683170087,164764688225206,192,5055119,5055311,0,10155169068
4912,0,11,164764693119442,164764693119531,164764693699438,89,579907,579996,0,10155169068
4913,0,11,164764703441432,164764703441475,164764703992219,43,550744,550787,0,10155169068
4914,0,11,164764713145791,164764713145841,164764713707238,50,561397,561447,0,10155169068
4915,0,11,164764723182796,164764723182849,164764723728046,53,545197,545250,0,10155169068
4916,0,11,164764733182141,164764733182191,164764733759335,50,577144,577194,0,10155169068
4917,0,11,164764743184435,164764743184486,164764743766642,51,582156,582207,0,10155169068
4918,0,11,164764753185478,164764753185535,164764753719897,57,534362,534419,0,10155169068
4919,0,11,164764763158278,164764763158330,164764763732361,52,574031,574083,0,10155169068
4920,0,11,164764773184757,164764773184810,164764773846763,53,661953,662006,0,10155169068
4921,0,11,164764783183877,164764783183929,164764783859416,52,675487,675539,0,10155169068
4922,0,11,164764793151346,164764793151404,164764793687078,58,535674,535732,0,10155169068
4923,0,11,164764803184328,164764803184386,164764803815733,58,631347,631405,0,10155169068
4924,0,11,164764813155000,164764813155052,164764813720061,52,565009,565061,0,10155169068
4925,0,11,164764823182364,164764823182415,164764823821911,51,639496,639547,0,10155169068
4926,0,11,164764833184695,164764833184746,164764833439193,51,254447,254498,0,10155169068
4927,0,11,164764843124734,164764843124806,164764843625828,72,501022,501094,0,10155169068
4928,0,11,164764853185247,164764853185297,164764853505918,50,320621,320671,0,10155169068
4929,0,11,164764863112438,164764863112489,164764863525888,51,413399,413450,0,10155169068
4930,0,11,164764873112044,164764873112095,164764873503766,51,391671,391722,0,10155169068
4931,0,11,164764883185380,164764883185438,164764883618494,58,433056,433114,0,10155169068
4932,0,11,164764893185329,164764893185380,164764893619427,51,434047,434098,0,10155169068
4933,0,11,164764903183672,164764903183724,164764903543012,52,359288,359340,0,10155169068
4934,0,11,164764913185610,164764913185661,164764913581912,51,396251,396302,0,10155169068
4935,0,11,164764923188458,164764923188515,164764923621263,57,432748,432805,0,10155169068
4936,0,11,164764933183531,164764933183582,164764933609224,51,425642,425693,0,10155169068
4937,0,11,164764943152941,164764943152992,164764943720356,51,567364,567415,0,10155169068
4938,0,11,164764953130787,164764953130830,164764953759727,43,628897,628940,0,10155169068
4939,0,11,164764963164698,164764963164751,164764963527146,53,362395,362448,0,10155169068
4940,0,11,164764973187165,164764973187216,164764973530038,51,342822,342873,0,10155169068
4941,0,11,164764983185132,164764983185185,164764983445167,53,259982,260035,0,10155169068
4942,0,11,164764993186797,164764993186848,164764993559510,51,372662,372713,0,10155169068
4943,0,11,164765003120904,164765003120963,164765003413185,59,292222,292281,0,10155169068
4944,0,11,164765013149708,164765013149759,164765013408793,51,259034,259085,0,10155169068
4945,0,11,164765023149162,164765023149214,164765023439510,52,290296,290348,0,10155169068
4946,0,11,164765033132192,164765033132263,164765033472314,71,340051,340122,0,10155169068
4947,0,11,164765043103991,164765043104042,164765043496982,51,392940,392991,0,10155169068
4948,0,11,164765053142051,164765053142101,164765053543375,50,401274,401324,0,10155169068
4949,0,11,164765063162014,164765063162072,164765063676946,58,514874,514932,0,10155169068
4950,0,11,164765073189597,164765073189648,164765073694420,51,504772,504823,0,10155169068
4951,0,11,164765083194599,164765083194652,164765083803102,53,608450,608503,0,10155169068
4952,0,11,164765093146267,164765093146318,164765093613392,51,467074,467125,0,10155169068
4953,0,11,164765103188557,164765103188608,164765103789283,51,600675,600726,0,10155169068
4954,0,11,164765113190156,164765113190213,164765113703525,57,513312,513369,0,10155169068
4955,0,11,164765123186894,164765123186945,164765123706324,51,519379,519430,0,10155169068
4956,0,11,164765133186534,164765133186591,164765133703378,57,516787,516844,0,10155169068
4957,0,11,164765143152436,164765143152494,164765143595207,58,442713,442771,0,10155169068
4958,0,11,164765153139648,164765153139700,164765153480797,52,341097,341149,0,10155169068
4959,0,11,164765163187207,164765163187264,164765164301673,57,1114409,1114466,0,10155169068
4960,0,11,164765173225308,164765173225418,164765174566807,110,1341389,1341499,0,10155169068
4961,0,11,164765183238262,164765183239131,164765184462947,869,1223816,1224685,0,10155169068
4962,0,11,164765193226077,164765193226204,164765193871730,127,645526,645653,0,10155169068
4963,0,11,164765203300509,164765203300967,164765204402887,458,1101920,1102378,0,10155169068
4964,0,11,164765213229120,164765213229231,164765213817514,111,588283,588394,0,10155169068
4965,0,11,164765223125860,164765223125911,164765223469546,51,343635,343686,0,10155169068
4966,0,11,164765233132287,164765233132338,164765233377026,51,244688,244739,0,10155169068
4967,0,11,164765243186105,164765243186163,164765243618882,58,432719,432777,0,10155169068
4968,0,11,164765253187436,164765253187495,164765253470201,59,282706,282765,0,10155169068
4969,0,11,164765263162248,164765263162382,164765264241389,134,1079007,1079141,0,10155169068
4970,0,11,164765273165321,164765273165373,164765273809697,52,644324,644376,0,10155169068
4971,0,11,164765283189006,164765283189057,164765283844005,51,654948,654999,0,10155169068
4972,0,11,164765293187432,164765293187491,164765293781728,59,594237,594296,0,10155169068
4973,0,11,164765303163199,164765303163267,164765303598684,68,435417,435485,0,10155169068
4974,0,11,164765313154332,164765313154383,164765313445966,51,291583,291634,0,10155169068
4975,0,11,164765323187072,164765323187123,164765323623778,51,436655,436706,0,10155169068
4976,0,11,164765333140757,164765333140808,164765333358070,51,217262,217313,0,10155169068
4977,0,11,164765343186893,164765343186951,164765343473770,58,286819,286877,0,10155169068
4978,0,11,164765353188687,164765353188738,164765353641315,51,452577,452628,0,10155169068
4979,0,11,164765363246234,164765363246371,164765363823001,137,576630,576767,0,10155169068
4980,0,11,164765373155143,164765373155280,164765373816589,137,661309,661446,0,10155169068
4981,0,11,164765383240113,164765383240246,164765384063058,133,822812,822945,0,10155169068
4982,0,11,164765393203523,164765393203693,164765394059878,170,856185,856355,0,10155169068
4983,0,11,164765403189993,164765403190158,164765403898204,165,708046,708211,0,10155169068
4984,0,11,164765413260453,164765413260618,164765414139259,165,878641,878806,0,10155169068
4985,0,11,164765423209682,164765423209847,164765423821384,165,611537,611702,0,10155169068
4986,0,11,164765433189646,164765433189697,164765433495786,51,306089,306140,0,10155169068
4987,0,11,164765443191469,164765443191520,164765443519962,51,328442,328493,0,10155169068
4988,0,11,164765453191807,164765453191881,164765453544541,74,352660,352734,0,10155169068
4989,0,11,164765463191741,164765463191792,164765463516481,51,324689,324740,0,10155169068
4990,0,11,164765473155655,164765473155706,164765473459301,51,303595,303646,0,10155169068
4991,0,11,164765483191433,164765483191484,164765483509429,51,317945,317996,0,10155169068
4992,0,11,164765493137861,164765493137912,164765493510929,51,373017,373068,0,10155169068
4993,0,11,164765503193506,164765503193557,164765503583231,51,389674,389725,0,10155169068
4994,0,11,164765513193094,164765513193145,164765513505827,51,312682,312733,0,10155169068
4995,0,11,164765523152497,164765523152548,164765523618321,51,465773,465824,0,10155169068
4996,0,11,164765533192927,164765533192978,164765533633996,51,441018,441069,0,10155169068
4997,0,11,164765543191097,164765543191148,164765543584340,51,393192,393243,0,10155169068
4998,0,11,164765553193500,164765553193551,164765553585792,51,392241,392292,0,10155169068
4999,0,11,164765563167004,164765563167055,164765563896360,51,729305,729356,0,10155169068
5000,0,11,164765573253041,164765573253226,164765574201735,185,948509,948694,0,10155169068
5001,0,11,164765583217345,164765583217531,164765584522109,186,1304578,1304764,0,10155169068
5002,0,11,164765593254503,164765593254668,164765594210794,165,956126,956291,0,10155169068
5003,0,11,164765603255512,164765603255702,164765604422180,190,1166478,1166668,0,10155169068
5004,0,11,164765613230771,164765613230936,164765614404260,165,1173324,1173489,0,10155169068
5005,0,11,164765623719224,164765623719470,164765624589972,246,870502,870748,0,10155169068
5006,0,11,164765633169648,164765633169700,164765633491881,52,322181,322233,0,10155169068
5007,0,11,164765643191666,164765643191717,164765643692482,51,500765,500816,0,10155169068
5008,0,11,164765653189204,164765653189255,164765653695470,51,506215,506266,0,10155169068
5009,0,11,164765663190500,164765663190551,164765663690936,51,500385,500436,0,10155169068
5010,0,11,164765673192621,164765673192672,164765673738664,51,545992,546043,0,10155169068
5011,0,11,164765683188098,164765683188149,164765683741266,51,553117,553168,0,10155169068
5012,0,11,164765693145550,164765693145644,164765693618270,94,472626,472720,0,10155169068
5013,0,11,164765703102432,164765703102496,164765703755097,64,652601,652665,0,10155169068
5014,0,11,164765713129793,164765713129856,164765713755891,63,626035,626098,0,10155169068
5015,0,11,164765723134391,164765723134451,164765723745162,60,610711,610771,0,10155169068
5016,0,11,164765733137897,164765733137948,164765733481396,51,343448,343499,0,10155169068
5017,0,11,164765743192604,164765743192655,164765743699300,51,506645,506696,0,10155169068
5018,0,11,164765753159587,164765753159638,164765753649035,51,489397,489448,0,10155169068
5019,0,11,164765763190887,164765763190946,164765763687384,59,496438,496497,0,10155169068
5020,0,11,164765773158538,164765773158589,164765773582479,51,423890,423941,0,10155169068
5021,0,11,164765783190680,164765783190732,164765783692039,52,501307,501359,0,10155169068
5022,0,11,164765793164312,164765793164370,164765793656311,58,491941,491999,0,10155169068
5023,0,11,164765803191014,164765803191066,164765803698668,52,507602,507654,0,10155169068
5024,0,11,164765813160552,164765813160603,164765813916887,51,756284,756335,0,10155169068
5025,0,11,164765823172783,164765823172857,164765823708253,74,535396,535470,0,10155169068
5026,0,11,164765833191989,164765833192040,164765833709764,51,517724,517775,0,10155169068
5027,0,11,164765843191061,164765843191119,164765843760531,58,569412,569470,0,10155169068
5028,0,11,164765853192004,164765853192061,164765853750776,57,558715,558772,0,10155169068
5029,0,11,164765863139637,164765863139688,164765863526506,51,386818,386869,0,10155169068
5030,0,11,164765873157293,164765873157344,164765873518862,51,361518,361569,0,10155169068
5031,0,11,164765883194842,164765883194893,164765883662869,51,467976,468027,0,10155169068
5032,0,11,164765893192804,164765893192857,164765893534223,53,341366,341419,0,10155169068
5033,0,11,164765903192468,164765903192525,164765903536291,57,343766,343823,0,10155169068
5034,0,11,164765913192089,164765913192140,164765913549368,51,357228,357279,0,10155169068
5035,0,11,164765923191980,164765923192038,164765923536904,58,344866,344924,0,10155169068
5036,0,11,164765933137882,164765933137934,164765933465350,52,327416,327468,0,10155169068
5037,0,11,164765943196439,164765943196497,164765943551938,58,355441,355499,0,10155169068
5038,0,11,164765953193993,164765953194044,164765953582698,51,388654,388705,0,10155169068
5039,0,11,164765963193352,164765963193409,164765963549459,57,356050,356107,0,10155169068
5040,0,11,164765973197028,164765973197085,164765973555956,57,358871,358928,0,10155169068
5041,0,11,164765983192225,164765983192282,164765983602602,57,410320,410377,0,10155169068
5042,0,11,164765993150929,164765993150980,164765993446279,51,295299,295350,0,10155169068
5043,0,11,164766003301398,164766003301485,164766004352211,87,1050726,1050813,0,10155169068
5044,0,11,164766013153619,164766013153680,164766013611480,61,457800,457861,0,10155169068
5045,0,11,164766023159723,164766023159774,164766023625381,51,465607,465658,0,10155169068
5046,0,11,164766033195748,164766033195819,164766033768556,71,572737,572808,0,10155169068
5047,0,11,164766043195834,164766043195891,164766044207340,57,1011449,1011506,0,10155169068
5048,0,11,164766053191510,164766053191569,164766053581386,59,389817,389876,0,10155169068
5049,0,11,164766063196399,164766063196456,164766063767868,57,571412,571469,0,10155169068
5050,0,11,164766073162804,164766073162863,164766073688348,59,525485,525544,0,10155169068
5051,0,11,164766083173156,164766083173207,164766083764857,51,591650,591701,0,10155169068
5052,0,11,164766093194569,164766093194620,164766093959911,51,765291,765342,0,10155169068
5053,0,11,164766103147758,164766103147810,164766103632432,52,484622,484674,0,10155169068
5054,0,11,164766113193216,164766113193278,164766113786064,62,592786,592848,0,10155169068
5055,0,11,164766123195856,164766123195915,164766123883331,59,687416,687475,0,10155169068
5056,0,11,164766133195749,164766133195800,164766133803142,51,607342,607393,0,10155169068
5057,0,11,164766143194970,164766143195027,164766143799280,57,604253,604310,0,10155169068
5058,0,11,164766153193619,164766153193670,164766153864482,51,670812,670863,0,10155169068
5059,0,11,164766163195044,164766163195101,164766163808274,57,613173,613230,0,10155169068
5060,0,11,164766173172637,164766173172689,164766173689442,52,516753,516805,0,10155169068
5061,0,11,164766183194938,164766183194987,164766183748745,49,553758,553807,0,10155169068
5062,0,11,164766193195735,164766193195786,164766193745610,51,549824,549875,0,10155169068
5063,0,11,164766203227407,164766203227484,164766203793007,77,565523,565600,0,10155169068
5064,0,11,164766213194761,164766213194814,164766213680544,53,485730,485783,0,10155169068
5065,0,11,164766223131744,164766223131793,164766223698651,49,566858,566907,0,10155169068
5066,0,11,164766233152286,164766233152374,164766234595181,88,1442807,1442895,0,10155169068
5067,0,11,164766243142591,164766243142667,164766243654349,76,511682,511758,0,10155169068
5068,0,11,164766253160543,164766253160594,164766253439865,51,279271,279322,0,10155169068
5069,0,11,164766263173289,164766263173340,164766263447124,51,273784,273835,0,10155169068
5070,0,11,164766273196149,164766273196200,164766273631474,51,435274,435325,0,10155169068
5071,0,11,164766283194807,164766283194860,164766283671188,53,476328,476381,0,10155169068
5072,0,11,164766293174671,164766293174724,164766293592515,53,417791,417844,0,10155169068
5073,0,11,164766303135808,164766303135872,164766303609937,64,474065,474129,0,10155169068
5074,0,11,164766313152705,164766313152766,164766313445634,61,292868,292929,0,10155169068
5075,0,11,164766323141944,164766323142009,164766323444510,65,302501,302566,0,10155169068
5076,0,11,164766333148026,164766333148078,164766333613799,52,465721,465773,0,10155169068
5077,0,11,164766343195759,164766343195812,164766343587510,53,391698,391751,0,10155169068
5078,0,11,164766353126429,164766353126480,164766353507753,51,381273,381324,0,10155169068
5079,0,11,164766363133681,164766363133734,164766363456898,53,323164,323217,0,10155169068
5080,0,11,164766373198779,164766373198830,164766373590062,51,391232,391283,0,10155169068
5081,0,11,164766383200295,164766383200352,164766383587702,57,387350,387407,0,10155169068
5082,0,11,164766393166484,164766393166542,164766393537568,58,371026,371084,0,10155169068
5083,0,11,164766403137564,164766403137623,164766403511569,59,373946,374005,0,10155169068
5084,0,11,164766413209738,164766413209789,164766413601870,51,392081,392132,0,10155169068
5085,0,11,164766423162773,164766423162824,164766423539824,51,377000,377051,0,10155169068
5086,0,11,164766433197654,164766433197705,164766433591443,51,393738,393789,0,10155169068
5087,0,11,164766443198683,164766443198740,164766443584991,57,386251,386308,0,10155169068
5088,0,11,164766453219506,164766453219680,164766453584048,174,364368,364542,0,10155169068
5089,0,11,164766463196059,164766463196118,164766463554129,59,358011,358070,0,10155169068
5090,0,11,164766473148019,164766473148070,164766473511279,51,363209,363260,0,10155169068
5091,0,11,164766483196569,164766483196627,164766483543813,58,347186,347244,0,10155169068
5092,0,11,164766493198326,164766493198383,164766493546916,57,348533,348590,0,10155169068
5093,0,11,164766503196826,164766503196884,164766503548871,58,351987,352045,0,10155169068
5094,0,11,164766513197048,164766513197105,164766513468361,57,271256,271313,0,10155169068
5095,0,11,164766523197975,164766523198026,164766523633080,51,435054,435105,0,10155169068
5096,0,11,164766533197872,164766533197924,164766533726490,52,528566,528618,0,10155169068
5097,0,11,164766543196419,164766543196477,164766543752187,58,555710,555768,0,10155169068
5098,0,11,164766553203818,164766553203884,164766553805762,66,601878,601944,0,10155169068
5099,0,11,164766563164151,164766563164202,164766563704428,51,540226,540277,0,10155169068
5100,0,11,164766573197538,164766573197588,164766573648416,50,450828,450878,0,10155169068
5101,0,11,164766583197901,164766583197960,164766583514203,59,316243,316302,0,10155169068
5102,0,11,164766593156583,164766593156634,164766593438771,51,282137,282188,0,10155169068
5103,0,11,164766603143738,164766603143789,164766603336929,51,193140,193191,0,10155169068
5104,0,11,164766613361074,164766613361148,164766613557741,74,196593,196667,0,10155169068
5105,0,11,164766623198795,164766623198846,164766623492497,51,293651,293702,0,10155169068
5106,0,11,164766633162461,164766633162511,164766633457561,50,295050,295100,0,10155169068
5107,0,11,164766643198928,164766643198989,164766643493650,61,294661,294722,0,10155169068
5108,0,11,164766653197867,164766653197927,164766654202078,60,1004151,1004211,0,10155169068
5109,0,11,164766663266606,164766663266771,164766664697011,165,1430240,1430405,0,10155169068
5110,0,11,164766673197464,164766673197515,164766673530165,51,332650,332701,0,10155169068
5111,0,11,164766683196586,164766683196637,164766684781716,51,1585079,1585130,0,10155169068
5112,0,11,164766693260712,164766693260883,164766695131914,171,1871031,1871202,0,10155169068
5113,0,11,164766703266457,164766703266643,164766704814219,186,1547576,1547762,0,10155169068
5114,0,11,164766713183787,164766713183953,164766714671776,166,1487823,1487989,0,10155169068
5115,0,11,164766723155403,164766723155478,164766723567832,75,412354,412429,0,10155169068
5116,0,11,164766733142999,164766733143038,164766733494235,39,351197,351236,0,10155169068
5117,0,11,164766743157585,164766743157636,164766743754655,51,597019,597070,0,10155169068
5118,0,11,164766753152720,164766753152782,164766753957009,62,804227,804289,0,10155169068
5119,0,11,164766763137775,164766763137831,164766763537172,56,399341,399397,0,10155169068
5120,0,11,164766773142450,164766773142511,164766773505551,61,363040,363101,0,10155169068
5121,0,11,164766783141146,164766783141197,164766783481285,51,340088,340139,0,10155169068
5122,0,11,164766793128611,164766793128662,164766793514805,51,386143,386194,0,10155169068
5123,0,11,164766803135384,164766803135435,164766803823986,51,688551,688602,0,10155169068
5124,0,11,164766813155411,164766813155462,164766813624093,51,468631,468682,0,10155169068
5125,0,11,164766823201020,164766823201071,164766823874750,51,673679,673730,0,10155169068
5126,0,11,164766833202617,164766833202676,164766833801069,59,598393,598452,0,10155169068
5127,0,11,164766843202285,164766843202336,164766843856026,51,653690,653741,0,10155169068
5128,0,11,164766853200391,164766853200444,164766853873864,53,673420,673473,0,10155169068
5129,0,11,164766863198148,164766863198201,164766863636845,53,438644,438697,0,10155169068
5130,0,11,164766873197203,164766873197261,164766873830631,58,633370,633428,0,10155169068
5131,0,11,164766883200694,164766883200751,164766883617418,57,416667,416724,0,10155169068
5132,0,11,164766893200185,164766893200243,164766893656809,58,456566,456624,0,10155169068
5133,0,11,164766903198943,164766903198995,164766903602108,52,403113,403165,0,10155169068
5134,0,11,164766913199131,164766913199182,164766913612790,51,413608,413659,0,10155169068
5135,0,11,164766923200971,164766923201022,164766923492479,51,291457,291508,0,10155169068
5136,0,11,164766933200148,164766933200199,164766933694230,51,494031,494082,0,10155169068
5137,0,11,164766943201893,164766943201944,164766943660495,51,458551,458602,0,10155169068
5138,0,11,164766953143760,164766953143821,164766953696322,61,552501,552562,0,10155169068
5139,0,11,164766963166899,164766963166950,164766963625793,51,458843,458894,0,10155169068
5140,0,11,164766973185732,164766973185790,164766973539917,58,354127,354185,0,10155169068
5141,0,11,164766983198954,164766983199005,164766983478935,51,279930,279981,0,10155169068
5142,0,11,164766993201623,164766993201674,164766993545829,51,344155,344206,0,10155169068
5143,0,11,164767003132135,164767003132196,164767003376785,61,244589,244650,0,10155169068
5144,0,11,164767013167205,164767013167256,164767013595152,51,427896,427947,0,10155169068
5145,0,11,164767023163933,164767023163991,164767023644647,58,480656,480714,0,10155169068
5146,0,11,164767033218466,164767033218533,164767033579431,67,360898,360965,0,10155169068
5147,0,11,164767043199907,164767043199958,164767043554754,51,354796,354847,0,10155169068
5148,0,11,164767053199251,164767053199302,164767053475460,51,276158,276209,0,10155169068
5149,0,11,164767063149917,164767063149967,164767063431639,50,281672,281722,0,10155169068
5150,0,11,164767073200128,164767073200179,164767073562408,51,362229,362280,0,10155169068
5151,0,11,164767083201566,164767083201623,164767083492857,57,291234,291291,0,10155169068
5152,0,11,164767093120540,164767093120591,164767093862524,51,741933,741984,0,10155169068
5153,0,11,164767103143847,164767103143898,164767103465647,51,321749,321800,0,10155169068
5154,0,11,164767113205847,164767113205904,164767113772450,57,566546,566603,0,10155169068
5155,0,11,164767123200570,164767123200627,164767123974926,57,774299,774356,0,10155169068
5156,0,11,164767133272675,164767133272861,164767134615402,186,1342541,1342727,0,10155169068
5157,0,11,164767143274521,164767143274691,164767144912167,170,1637476,1637646,0,10155169068
5158,0,11,164767153272162,164767153272348,164767154901969,186,1629621,1629807,0,10155169068
5159,0,11,164767163273146,164767163273316,164767164909168,170,1635852,1636022,0,10155169068
5160,0,11,164767173133513,164767173133564,164767173792757,51,659193,659244,0,10155169068
5161,0,11,164767183144822,164767183144873,164767183475591,51,330718,330769,0,10155169068
5162,0,11,164767193149259,164767193149310,164767193538324,51,389014,389065,0,10155169068
5163,0,11,164767203203389,164767203203443,164767203763667,54,560224,560278,0,10155169068
5164,0,11,164767213204061,164767213204120,164767213776676,59,572556,572615,0,10155169068
5165,0,11,164767223203690,164767223203749,164767223707659,59,503910,503969,0,10155169068
5166,0,11,164767233206856,164767233206907,164767233784092,51,577185,577236,0,10155169068
5167,0,11,164767243210590,164767243210641,164767243780840,51,570199,570250,0,10155169068
5168,0,11,164767253206027,164767253206078,164767253811709,51,605631,605682,0,10155169068
5169,0,11,164767263202085,164767263202143,164767265202479,58,2000336,2000394,0,10155169068
5170,0,11,164767273207663,164767273207714,164767273498450,51,290736,290787,0,10155169068
5171,0,11,164767283203186,164767283203243,164767283486698,57,283455,283512,0,10155169068
5172,0,11,164767293205232,164767293205284,164767293484309,52,279025,279077,0,10155169068
5173,0,11,164767303204178,164767303204235,164767303487163,57,282928,282985,0,10155169068
5174,0,11,164767313203239,164767313203290,164767313502561,51,299271,299322,0,10155169068
5175,0,11,164767323164367,164767323164424,164767323378121,57,213697,213754,0,10155169068
5176,0,11,164767333203021,164767333203079,164767333529548,58,326469,326527,0,10155169068
5177,0,11,164767343203927,164767343203978,164767343491168,51,287190,287241,0,10155169068
5178,0,11,164767353201814,164767353201865,164767353484935,51,283070,283121,0,10155169068
5179,0,11,164767363204076,164767363204134,164767363489177,58,285043,285101,0,10155169068
5180,0,11,164767373202557,164767373202608,164767373494758,51,292150,292201,0,10155169068
5181,0,11,164767383203150,164767383203201,164767383504661,51,301460,301511,0,10155169068
5182,0,11,164767393201543,164767393201594,164767393495037,51,293443,293494,0,10155169068
5183,0,11,164767403204038,164767403204089,164767403487755,51,283666,283717,0,10155169068
5184,0,11,164767413206616,164767413206673,164767413496259,57,289586,289643,0,10155169068
5185,0,11,164767423203761,164767423203812,164767423497145,51,293333,293384,0,10155169068
5186,0,11,164767433205275,164767433205326,164767433490909,51,285583,285634,0,10155169068
5187,0,11,164767443204988,164767443205047,164767443492834,59,287787,287846,0,10155169068
5188,0,11,164767453203999,164767453204058,164767453485675,59,281617,281676,0,10155169068
5189,0,11,164767463205169,164767463205220,164767463502271,51,297051,297102,0,10155169068
5190,0,11,164767473162129,164767473162181,164767473536109,52,373928,373980,0,10155169068
5191,0,11,164767483204089,164767483204140,164767483762138,51,557998,558049,0,10155169068
5192,0,11,164767493205044,164767493205101,164767493500986,57,295885,295942,0,10155169068
5193,0,11,164767503185119,164767503185170,164767503752510,51,567340,567391,0,10155169068
5194,0,11,164767513202132,164767513202192,164767513639538,60,437346,437406,0,10155169068
5195,0,11,164767523205183,164767523205242,164767523639842,59,434600,434659,0,10155169068
5196,0,11,164767533204862,164767533204913,164767533647943,51,443030,443081,0,10155169068
5197,0,11,164767543202868,164767543202927,164767543644382,59,441455,441514,0,10155169068
5198,0,11,164767553203687,164767553203739,164767553635188,52,431449,431501,0,10155169068
5199,0,11,164767563203417,164767563203469,164767563497429,52,293960,294012,0,10155169068
5200,0,11,164767573203035,164767573203086,164767573631569,51,428483,428534,0,10155169068
5201,0,11,164767583137800,164767583137852,164767583553457,52,415605,415657,0,10155169068
5202,0,11,164767593204982,164767593205041,164767593626761,59,421720,421779,0,10155169068
5203,0,11,164767603204895,164767603204952,164767603463055,57,258103,258160,0,10155169068
5204,0,11,164767613173658,164767613173715,164767613482985,57,309270,309327,0,10155169068
5205,0,11,164767623205542,164767623205593,164767623486510,51,280917,280968,0,10155169068
5206,0,11,164767633152789,164767633152841,164767633495111,52,342270,342322,0,10155169068
5207,0,11,164767643141391,164767643141460,164767643908205,69,766745,766814,0,10155169068
5208,0,11,164767653153563,164767653153614,164767653415933,51,262319,262370,0,10155169068
5209,0,11,164767663151891,164767663151942,164767663573276,51,421334,421385,0,10155169068
5210,0,11,164767673210020,164767673210078,164767673564147,58,354069,354127,0,10155169068
5211,0,11,164767683176149,164767683176200,164767683533657,51,357457,357508,0,10155169068
5212,0,11,164767693151191,164767693151242,164767693499318,51,348076,348127,0,10155169068
5213,0,11,164767703221242,164767703221304,164767703721884,62,500580,500642,0,10155169068
5214,0,11,164767713168323,164767713168374,164767713454318,51,285944,285995,0,10155169068
5215,0,11,164767723206601,164767723206658,164767723635260,57,428602,428659,0,10155169068
5216,0,11,164767733207291,164767733207349,164767733566723,58,359374,359432,0,10155169068
5217,0,11,164767743206710,164767743206769,164767743494495,59,287726,287785,0,10155169068
5218,0,11,164767753131234,164767753131286,164767753594557,52,463271,463323,0,10155169068
5219,0,11,164767763160163,164767763160245,164767763568047,82,407802,407884,0,10155169068
5220,0,11,164767773170020,164767773170072,164767773588115,52,418043,418095,0,10155169068
5221,0,11,164767783134869,164767783134938,164767783822293,69,687355,687424,0,10155169068
5222,0,11,164767793134073,164767793134153,164767793679645,80,545492,545572,0,10155169068
5223,0,11,164767803205991,164767803206040,164767803639656,49,433616,433665,0,10155169068
5224,0,11,164767813179236,164767813179285,164767813697378,49,518093,518142,0,10155169068
5225,0,11,164767823207796,164767823207847,164767823750402,51,542555,542606,0,10155169068
5226,0,11,164767833207437,164767833207488,164767833547280,51,339792,339843,0,10155169068
5227,0,11,164767843205625,164767843205677,164767843620534,52,414857,414909,0,10155169068
5228,0,11,164767853169186,164767853169237,164767853459585,51,290348,290399,0,10155169068
5229,0,11,164767863185192,164767863185243,164767863496941,51,311698,311749,0,10155169068
5230,0,11,164767873207494,164767873207545,164767873611808,51,404263,404314,0,10155169068
5231,0,11,164767883207281,164767883207332,164767883605905,51,398573,398624,0,10155169068
5232,0,11,164767893208340,164767893208391,164767893620459,51,412068,412119,0,10155169068
5233,0,11,164767903205731,164767903205782,164767903744513,51,538731,538782,0,10155169068
5234,0,11,164767913205775,164767913205832,164767913720656,57,514824,514881,0,10155169068
5235,0,11,164767923209121,164767923209179,164767923685022,58,475843,475901,0,10155169068
5236,0,11,164767933206615,164767933206666,164767934446774,51,1240108,1240159,0,10155169068
5237,0,11,164767943276043,164767943276208,164767944457220,165,1181012,1181177,0,10155169068
5238,0,11,164767953541580,164767953541785,164767955075404,205,1533619,1533824,0,10155169068
5239,0,11,164767963238038,164767963238203,164767964766966,165,1528763,1528928,0,10155169068
5240,0,11,164767973275541,164767973275712,164767974786934,171,1511222,1511393,0,10155169068
5241,0,11,164767983271603,164767983271774,164767984643663,171,1371889,1372060,0,10155169068
5242,0,11,164767993154717,164767993154761,164767993606518,44,451757,451801,0,10155169068
5243,0,11,164768003155877,164768003155946,164768004443126,69,1287180,1287249,0,10155169068
5244,0,11,164768013166780,164768013166831,164768013607164,51,440333,440384,0,10155169068
5245,0,11,164768023178080,164768023178141,164768023710544,61,532403,532464,0,10155169068
5246,0,11,164768033208580,164768033208645,164768033804681,65,596036,596101,0,10155169068
5247,0,11,164768043210084,164768043210166,164768043977849,82,767683,767765,0,10155169068
5248,0,11,164768053208192,164768053208243,164768053660851,51,452608,452659,0,10155169068
5249,0,11,164768063173637,164768063173708,164768063620283,71,446575,446646,0,10155169068
5250,0,11,164768073170748,164768073170797,164768073698702,49,527905,527954,0,10155169068
5251,0,11,164768083208467,164768083208524,164768083760784,57,552260,552317,0,10155169068
5252,0,11,164768093211294,164768093211352,164768093709232,58,497880,497938,0,10155169068
5253,0,11,164768103179156,164768103179214,164768103739755,58,560541,560599,0,10155169068
5254,0,11,164768113214295,164768113214346,164768113758726,51,544380,544431,0,10155169068
5255,0,11,164768123210059,164768123210116,164768123802555,57,592439,592496,0,10155169068
5256,0,11,164768133210917,164768133210968,164768133662085,51,451117,451168,0,10155169068
5257,0,11,164768143209401,164768143209459,164768143847735,58,638276,638334,0,10155169068
5258,0,11,164768153207349,164768153207410,164768153704989,61,497579,497640,0,10155169068
5259,0,11,164768163208745,164768163208797,164768164371231,52,1162434,1162486,0,10155169068
5260,0,11,164768173233345,164768173233511,164768173947490,166,713979,714145,0,10155169068
5261,0,11,164768183215270,164768183215440,164768183895682,170,680242,680412,0,10155169068
5262,0,11,164768193142463,164768193142515,164768193521702,52,379187,379239,0,10155169068
5263,0,11,164768203175832,164768203175883,164768203687376,51,511493,511544,0,10155169068
5264,0,11,164768213208410,164768213208467,164768213624370,57,415903,415960,0,10155169068
5265,0,11,164768223210191,164768223210241,164768223622832,50,412591,412641,0,10155169068
5266,0,11,164768233183428,164768233183481,164768233581603,53,398122,398175,0,10155169068
5267,0,11,164768243210895,164768243210947,164768243795746,52,584799,584851,0,10155169068
5268,0,11,164768253139748,164768253139807,164768253633412,59,493605,493664,0,10155169068
5269,0,11,164768263152356,164768263152427,164768264210859,71,1058432,1058503,0,10155169068
5270,0,11,164768273167445,164768273167496,164768273539042,51,371546,371597,0,10155169068
5271,0,11,164768283209885,164768283209936,164768283530889,51,320953,321004,0,10155169068
5272,0,11,164768293187454,164768293187507,164768293836031,53,648524,648577,0,10155169068
5273,0,11,164768303209750,164768303209807,164768303464186,57,254379,254436,0,10155169068
5274,0,11,164768313175409,164768313175460,164768313469003,51,293543,293594,0,10155169068
5275,0,11,164768323209515,164768323209572,164768323471815,57,262243,262300,0,10155169068
5276,0,11,164768333173959,164768333174011,164768333436445,52,262434,262486,0,10155169068
5277,0,11,164768343209614,164768343209666,164768343473706,52,264040,264092,0,10155169068
5278,0,11,164768353152649,164768353152699,164768353399587,50,246888,246938,0,10155169068
5279,0,11,164768363189005,164768363189056,164768363444858,51,255802,255853,0,10155169068
5280,0,11,164768373210115,164768373210168,164768373477063,53,266895,266948,0,10155169068
5281,0,11,164768383158088,164768383158140,164768383411905,52,253765,253817,0,10155169068
5282,0,11,164768393211198,164768393211255,164768393501579,57,290324,290381,0,10155169068
5283,0,11,164768403158470,164768403158520,164768403421862,50,263342,263392,0,10155169068
5284,0,11,164768413209873,164768413209924,164768413474349,51,264425,264476,0,10155169068
5285,0,11,164768423211008,164768423211059,164768423480287,51,269228,269279,0,10155169068
5286,0,11,164768433208365,164768433208423,164768433471673,58,263250,263308,0,10155169068
5287,0,11,164768443212819,164768443212870,164768443555976,51,343106,343157,0,10155169068
5288,0,11,164768453165955,164768453166007,164768453441905,52,275898,275950,0,10155169068
5289,0,11,164768463209637,164768463209696,164768463476537,59,266841,266900,0,10155169068
5290,0,11,164768473172902,164768473172953,164768473513720,51,340767,340818,0,10155169068
5291,0,11,164768483210310,164768483210361,164768483465163,51,254802,254853,0,10155169068
5292,0,11,164768493212440,164768493212491,164768493476592,51,264101,264152,0,10155169068
5293,0,11,164768503210325,164768503210384,164768503463936,59,253552,253611,0,10155169068
5294,0,11,164768513158665,164768513158727,164768513413963,62,255236,255298,0,10155169068
5295,0,11,164768523214710,164768523214768,164768523485150,58,270382,270440,0,10155169068
5296,0,11,164768533217556,164768533217607,164768533605341,51,387734,387785,0,10155169068
5297,0,11,164768543217073,164768543217126,164768543571048,53,353922,353975,0,10155169068
5298,0,11,164768553205127,164768553205199,164768553498340,72,293141,293213,0,10155169068
5299,0,11,164768563212675,164768563212740,164768563456492,65,243752,243817,0,10155169068
5300,0,11,164768573215257,164768573215314,164768573555003,57,339689,339746,0,10155169068
5301,0,11,164768583211417,164768583211474,164768583556400,57,344926,344983,0,10155169068
5302,0,11,164768593174522,164768593174573,164768593504100,51,329527,329578,0,10155169068
5303,0,11,164768603185747,164768603185804,164768603475704,57,289900,289957,0,10155169068
5304,0,11,164768613219052,164768613219109,164768613512388,57,293279,293336,0,10155169068
5305,0,11,164768623213243,164768623213294,164768623506392,51,293098,293149,0,10155169068
5306,0,11,164768633210184,164768633210235,164768633556396,51,346161,346212,0,10155169068
5307,0,11,164768643213482,164768643213539,164768643497767,57,284228,284285,0,10155169068
5308,0,11,164768653210523,164768653210574,164768653506486,51,295912,295963,0,10155169068
5309,0,11,164768663143415,164768663143467,164768663374830,52,231363,231415,0,10155169068
5310,0,11,164768673214091,164768673214142,164768673531975,51,317833,317884,0,10155169068
5311,0,11,164768683213134,164768683213185,164768683500445,51,287260,287311,0,10155169068
5312,0,11,164768693162790,164768693162840,164768693439173,50,276333,276383,0,10155169068
5313,0,11,164768703318228,164768703318277,164768703600726,49,282449,282498,0,10155169068
5314,0,11,164768713215483,164768713215540,164768713504933,57,289393,289450,0,10155169068
5315,0,11,164768723213804,164768723213855,164768723552064,51,338209,338260,0,10155169068
5316,0,11,164768733214450,164768733214501,164768733543371,51,328870,328921,0,10155169068
5317,0,11,164768743230219,164768743230480,164768744159884,261,929404,929665,0,10155169068
5318,0,11,164768753179018,164768753179072,164768753921543,54,742471,742525,0,10155169068
5319,0,11,164768763151043,164768763151101,164768763622231,58,471130,471188,0,10155169068
5320,0,11,164768773179830,164768773179890,164768773588945,60,409055,409115,0,10155169068
5321,0,11,164768783155984,164768783156049,164768783562303,65,406254,406319,0,10155169068
5322,0,11,164768793157999,164768793158049,164768793472646,50,314597,314647,0,10155169068
5323,0,11,164768803160701,164768803160780,164768803573398,79,412618,412697,0,10155169068
5324,0,11,164768813152739,164768813152815,164768813532210,76,379395,379471,0,10155169068
5325,0,11,164768823153890,164768823153954,164768823634578,64,480624,480688,0,10155169068
5326,0,11,164768833177396,164768833177468,164768833605380,72,427912,427984,0,10155169068
5327,0,11,164768843212838,164768843212896,164768843543231,58,330335,330393,0,10155169068
5328,0,11,164768853180082,164768853180143,164768853754137,61,573994,574055,0,10155169068
5329,0,11,164768863212321,164768863212374,164768863619963,53,407589,407642,0,10155169068
5330,0,11,164768873160245,164768873160297,164768873445295,52,284998,285050,0,10155169068
5331,0,11,164768883214225,164768883214276,164768883542230,51,327954,328005,0,10155169068
5332,0,11,164768893212083,164768893212141,164768893539407,58,327266,327324,0,10155169068
5333,0,11,164768903177322,164768903177373,164768903530447,51,353074,353125,0,10155169068
5334,0,11,164768913214730,164768913214782,164768913582000,52,367218,367270,0,10155169068
5335,0,11,164768923213254,164768923213311,164768923539430,57,326119,326176,0,10155169068
5336,0,11,164768933216181,164768933216240,164768933501537,59,285297,285356,0,10155169068
5337,0,11,164768943215033,164768943215085,164768943536178,52,321093,321145,0,10155169068
5338,0,11,164768953151524,164768953151598,164768953519419,74,367821,367895,0,10155169068
5339,0,11,164768963145229,164768963145280,164768963414818,51,269538,269589,0,10155169068
5340,0,11,164768973219251,164768973219302,164768973573061,51,353759,353810,0,10155169068
5341,0,11,164768983182630,164768983182680,164768983575948,50,393268,393318,0,10155169068
5342,0,11,164768993185461,164768993185512,164768993604215,51,418703,418754,0,10155169068
5343,0,11,164769003220960,164769003221026,164769004017898,66,796872,796938,0,10155169068
5344,0,11,164769013175560,164769013175613,164769013580858,53,405245,405298,0,10155169068
5345,0,11,164769023189570,164769023189621,164769023548805,51,359184,359235,0,10155169068
5346,0,11,164769033215621,164769033215691,164769033682661,70,466970,467040,0,10155169068
5347,0,11,164769043213642,164769043213699,164769043787453,57,573754,573811,0,10155169068
5348,0,11,164769053218497,164769053218548,164769053641718,51,423170,423221,0,10155169068
5349,0,11,164769063213636,164769063213687,164769063637699,51,424012,424063,0,10155169068
5350,0,11,164769073147217,164769073147287,164769073685913,70,538626,538696,0,10155169068
5351,0,11,164769083215182,164769083215235,164769083658067,53,442832,442885,0,10155169068
5352,0,11,164769093178671,164769093178722,164769093606932,51,428210,428261,0,10155169068
5353,0,11,164769103213122,164769103213180,164769103848048,58,634868,634926,0,10155169068
5354,0,11,164769113214492,164769113214549,164769113827554,57,613005,613062,0,10155169068
5355,0,11,164769123181902,164769123181962,164769123467729,60,285767,285827,0,10155169068
5356,0,11,164769133220294,164769133220354,164769133622364,60,402010,402070,0,10155169068
5357,0,11,164769143217296,164769143217347,164769143802951,51,585604,585655,0,10155169068
5358,0,11,164769153216058,164769153216109,164769153863446,51,647337,647388,0,10155169068
5359,0,11,164769163218273,164769163218324,164769163563997,51,345673,345724,0,10155169068
5360,0,11,164769173160755,164769173160813,164769173494695,58,333882,333940,0,10155169068
5361,0,11,164769183216988,164769183217039,164769183562985,51,345946,345997,0,10155169068
5362,0,11,164769193165983,164769193166034,164769193419562,51,253528,253579,0,10155169068
5363,0,11,164769203213563,164769203213615,164769203550621,52,337006,337058,0,10155169068
5364,0,11,164769213217595,164769213217646,164769213562596,51,344950,345001,0,10155169068
5365,0,11,164769223216825,164769223216877,164769223561513,52,344636,344688,0,10155169068
5366,0,11,164769233220087,164769233220146,164769233562293,59,342147,342206,0,10155169068
5367,0,11,164769243256895,164769243256954,164769243599890,59,342936,342995,0,10155169068
5368,0,11,164769253216409,164769253216460,164769253557077,51,340617,340668,0,10155169068
5369,0,11,164769263219966,164769263220017,164769263566297,51,346280,346331,0,10155169068
5370,0,11,164769273218119,164769273218176,164769273563448,57,345272,345329,0,10155169068
5371,0,11,164769283217452,164769283217504,164769283562078,52,344574,344626,0,10155169068
5372,0,11,164769293218733,164769293218792,164769293568374,59,349582,349641,0,10155169068
5373,0,11,164769303217154,164769303217204,164769303553508,50,336304,336354,0,10155169068
5374,0,11,164769313218590,164769313218643,164769313569834,53,351191,351244,0,10155169068
5375,0,11,164769323187612,164769323187663,164769323515509,51,327846,327897,0,10155169068
5376,0,11,164769333161768,164769333161829,164769334109999,61,948170,948231,0,10155169068
5377,0,11,164769343150838,164769343150884,164769343973213,46,822329,822375,0,10155169068
5378,0,11,164769353164054,164769353164106,164769353612804,52,448698,448750,0,10155169068
5379,0,11,164769363172181,164769363172232,164769363518892,51,346660,346711,0,10155169068
5380,0,11,164769373190189,164769373190241,164769373556703,52,366462,366514,0,10155169068
5381,0,11,164769383223890,164769383223950,164769383587557,60,363607,363667,0,10155169068
5382,0,11,164769393219194,164769393219245,164769393579918,51,360673,360724,0,10155169068
5383,0,11,164769403219056,164769403219107,164769403578102,51,358995,359046,0,10155169068
5384,0,11,164769413220940,164769413220991,164769413595702,51,374711,374762,0,10155169068
5385,0,11,164769423220610,164769423220661,164769423665984,51,445323,445374,0,10155169068
5386,0,11,164769433219253,164769433219304,164769433648670,51,429366,429417,0,10155169068
5387,0,11,164769443218711,164769443218764,164769443652529,53,433765,433818,0,10155169068
5388,0,11,164769453242314,164769453242366,164769453715848,52,473482,473534,0,10155169068
5389,0,11,164769463220287,164769463220338,164769463743519,51,523181,523232,0,10155169068
5390,0,11,164769473168084,164769473168135,164769473677044,51,508909,508960,0,10155169068
5391,0,11,164769483183862,164769483183913,164769483712072,51,528159,528210,0,10155169068
5392,0,11,164769493220988,164769493221040,164769493921549,52,700509,700561,0,10155169068
5393,0,11,164769503217819,164769503217878,164769503739500,59,521622,521681,0,10155169068
5394,0,11,164769513204503,164769513204562,164769513983635,59,779073,779132,0,10155169068
5395,0,11,164769523217767,164769523217817,164769523789649,50,571832,571882,0,10155169068
5396,0,11,164769533158822,164769533158880,164769533725652,58,566772,566830,0,10155169068
5397,0,11,164769543170084,164769543170137,164769543585550,53,415413,415466,0,10155169068
5398,0,11,164769553219115,164769553219172,164769553559447,57,340275,340332,0,10155169068
5399,0,11,164769563187834,164769563187885,164769563533460,51,345575,345626,0,10155169068
5400,0,11,164769573220704,164769573220761,164769573574513,57,353752,353809,0,10155169068
5401,0,11,164769583202323,164769583202381,164769583558937,58,356556,356614,0,10155169068
5402,0,11,164769593221354,164769593221405,164769593722900,51,501495,501546,0,10155169068
5403,0,11,164769603175632,164769603175682,164769603696186,50,520504,520554,0,10155169068
5404,0,11,164769613252169,164769613252335,164769614091154,166,838819,838985,0,10155169068
5405,0,11,164769623253665,164769623253830,164769624107589,165,853759,853924,0,10155169068
5406,0,11,164769633219086,164769633219137,164769633914223,51,695086,695137,0,10155169068
5407,0,11,164769643219897,164769643219948,164769643799543,51,579595,579646,0,10155169068
5408,0,11,164769653219550,164769653219601,164769653562810,51,343209,343260,0,10155169068
5409,0,11,164769663186133,164769663186203,164769663521148,70,334945,335015,0,10155169068
5410,0,11,164769673183061,164769673183112,164769673882425,51,699313,699364,0,10155169068
5411,0,11,164769683287788,164769683287959,164769684141988,171,854029,854200,0,10155169068
5412,0,11,164769693290431,164769693290597,164769694749989,166,1459392,1459558,0,10155169068
5413,0,11,164769703284183,164769703284439,164769704165586,256,881147,881403,0,10155169068
5414,0,11,164769713232375,164769713232590,164769714253662,215,1021072,1021287,0,10155169068
5415,0,11,164769723286813,164769723286998,164769724349736,185,1062738,1062923,0,10155169068
5416,0,11,164769733222168,164769733222226,164769733660311,58,438085,438143,0,10155169068
5417,0,11,164769743222151,164769743222201,164769743570272,50,348071,348121,0,10155169068
5418,0,11,164769753220175,164769753220232,164769753597941,57,377709,377766,0,10155169068
5419,0,11,164769763222093,164769763222145,164769763607850,52,385705,385757,0,10155169068
5420,0,11,164769773186291,164769773186342,164769773562902,51,376560,376611,0,10155169068
5421,0,11,164769783220285,164769783220342,164769783603592,57,383250,383307,0,10155169068
5422,0,11,164769793219537,164769793219593,164769793577443,56,357850,357906,0,10155169068
5423,0,11,164769803220388,164769803220446,164769803587646,58,367200,367258,0,10155169068
5424,0,11,164769813188621,164769813188672,164769813548286,51,359614,359665,0,10155169068
5425,0,11,164769823222481,164769823222532,164769823586650,51,364118,364169,0,10155169068
5426,0,11,164769833262701,164769833262761,164769834053506,60,790745,790805,0,10155169068
5427,0,11,164769843159647,164769843159725,164769843957382,78,797657,797735,0,10155169068
5428,0,11,164769853160596,164769853160650,164769853792869,54,632219,632273,0,10155169068
5429,0,11,164769863153753,164769863153796,164769863771242,43,617446,617489,0,10155169068
5430,0,11,164769873151388,164769873151440,164769873523454,52,372014,372066,0,10155169068
5431,0,11,164769883155092,164769883155143,164769883541744,51,386601,386652,0,10155169068
5432,0,11,164769893217143,164769893217194,164769893651982,51,434788,434839,0,10155169068
5433,0,11,164769903219720,164769903219771,164769903962269,51,742498,742549,0,10155169068
5434,0,11,164769913221912,164769913221969,164769913542782,57,320813,320870,0,10155169068
5435,0,11,164769923223815,164769923223866,164769923526064,51,302198,302249,0,10155169068
5436,0,11,164769933220777,164769933220828,164769933503664,51,282836,282887,0,10155169068
5437,0,11,164769943222869,164769943222920,164769943531866,51,308946,308997,0,10155169068
5438,0,11,164769953256917,164769953256983,164769953595045,66,338062,338128,0,10155169068
5439,0,11,164769963228141,164769963228198,164769963981204,57,753006,753063,0,10155169068
5440,0,11,164769973220756,164769973220815,164769973660637,59,439822,439881,0,10155169068
5441,0,11,164769983222000,164769983222051,164769983516661,51,294610,294661,0,10155169068
5442,0,11,164769993223096,164769993223149,164769993715231,53,492082,492135,0,10155169068
5443,0,11,164770003196476,164770003196540,164770003608585,64,412045,412109,0,10155169068
5444,0,11,164770013165695,164770013165747,164770013496887,52,331140,331192,0,10155169068
5445,0,11,164770023222755,164770023222806,164770023545149,51,322343,322394,0,10155169068
5446,0,11,164770033222754,164770033222825,164770033576951,71,354126,354197,0,10155169068
5447,0,11,164770043222979,164770043223031,164770043653579,52,430548,430600,0,10155169068
5448,0,11,164770053222009,164770053222060,164770053654711,51,432651,432702,0,10155169068
5449,0,11,164770063155981,164770063156034,164770063549689,53,393655,393708,0,10155169068
5450,0,11,164770073231544,164770073231613,164770073693597,69,461984,462053,0,10155169068
5451,0,11,164770083223499,164770083223556,164770083664965,57,441409,441466,0,10155169068
5452,0,11,164770093223907,164770093223958,164770093665220,51,441262,441313,0,10155169068
5453,0,11,164770103222948,164770103223005,164770103730976,57,507971,508028,0,10155169068
5454,0,11,164770113223794,164770113223845,164770113767721,51,543876,543927,0,10155169068
5455,0,11,164770123224218,164770123224275,164770123517960,57,293685,293742,0,10155169068
5456,0,11,164770133188251,164770133188303,164770133468820,52,280517,280569,0,10155169068
5457,0,11,164770143192189,164770143192246,164770143474123,57,281877,281934,0,10155169068
5458,0,11,164770153221517,164770153221569,164770153515265,52,293696,293748,0,10155169068
5459,0,11,164770163223526,164770163223584,164770163630197,58,406613,406671,0,10155169068
5460,0,11,164770173224264,164770173224316,164770173480511,52,256195,256247,0,10155169068
5461,0,11,164770183224555,164770183224607,164770183514709,52,290102,290154,0,10155169068
5462,0,11,164770193224206,164770193224265,164770193631519,59,407254,407313,0,10155169068
5463,0,11,164770203225665,164770203225722,164770203724559,57,498837,498894,0,10155169068
5464,0,11,164770213250342,164770213250491,164770213947848,149,697357,697506,0,10155169068
5465,0,11,164770223288787,164770223288958,164770224605669,171,1316711,1316882,0,10155169068
5466,0,11,164770233296141,164770233296326,164770234311178,185,1014852,1015037,0,10155169068
5467,0,11,164770243181628,164770243181679,164770243584494,51,402815,402866,0,10155169068
5468,0,11,164770253225090,164770253225143,164770253679408,53,454265,454318,0,10155169068
5469,0,11,164770263228891,164770263228944,164770264065108,53,836164,836217,0,10155169068
5470,0,11,164770273192288,164770273192338,164770273748763,50,556425,556475,0,10155169068
5471,0,11,164770283161961,164770283162018,164770283617302,57,455284,455341,0,10155169068
5472,0,11,164770293227564,164770293227621,164770293681212,57,453591,453648,0,10155169068
5473,0,11,164770303226973,164770303227030,164770303607934,57,380904,380961,0,10155169068
5474,0,11,164770313189276,164770313189327,164770313485233,51,295906,295957,0,10155169068
5475,0,11,164770323223250,164770323223310,164770323651450,60,428140,428200,0,10155169068
5476,0,11,164770333225507,164770333225558,164770333859743,51,634185,634236,0,10155169068
5477,0,11,164770343176485,164770343176543,164770343980956,58,804413,804471,0,10155169068
5478,0,11,164770353222273,164770353222325,164770353860633,52,638308,638360,0,10155169068
5479,0,11,164770363174039,164770363174087,164770364042389,48,868302,868350,0,10155169068
5480,0,11,164770373205583,164770373205634,164770373891505,51,685871,685922,0,10155169068
5481,0,11,164770383255887,164770383255938,164770383806359,51,550421,550472,0,10155169068
5482,0,11,164770393197079,164770393197130,164770393624478,51,427348,427399,0,10155169068
5483,0,11,164770403224442,164770403224493,164770403692635,51,468142,468193,0,10155169068
5484,0,11,164770413193597,164770413193649,164770413658256,52,464607,464659,0,10155169068
5485,0,11,164770423209424,164770423209475,164770423721043,51,511568,511619,0,10155169068
5486,0,11,164770433224808,164770433224867,164770433743020,59,518153,518212,0,10155169068
5487,0,11,164770443227368,164770443227425,164770443922622,57,695197,695254,0,10155169068
5488,0,11,164770453249493,164770453249568,164770453590485,75,340917,340992,0,10155169068
5489,0,11,164770463226145,164770463226204,164770463574684,59,348480,348539,0,10155169068
5490,0,11,164770473226769,164770473226820,164770473567111,51,340291,340342,0,10155169068
5491,0,11,164770483225687,164770483225745,164770483761247,58,535502,535560,0,10155169068
5492,0,11,164770493287262,164770493287428,164770494399510,166,1112082,1112248,0,10155169068
5493,0,11,164770503287484,164770503287675,164770504622398,191,1334723,1334914,0,10155169068
5494,0,11,164770513289731,164770513289916,164770515138491,185,1848575,1848760,0,10155169068
5495,0,11,164770523298578,164770523298748,164770524453916,170,1155168,1155338,0,10155169068
5496,0,11,164770533237127,164770533237298,164770534183210,171,945912,946083,0,10155169068
5497,0,11,164770543295550,164770543295715,164770544135010,165,839295,839460,0,10155169068
5498,0,11,164770553226796,164770553226847,164770553770522,51,543675,543726,0,10155169068
5499,0,11,164770563234456,164770563234662,164770568572277,206,5337615,5337821,0,10155169068
